time,propSusceptible,propExposed,propInfected,propRecovered
0.0,0.9,0.0,0.1,0.0
1.0,0.84495,0.05505,0.06435,0.03565
2.0,0.79965,0.08615,0.07065,0.04355
3.0,0.7533,0.1084,0.08495,0.05335
4.0,0.7016,0.1285,0.1054,0.0645
5.0,0.6393,0.15535,0.12705,0.0783
6.0,0.5735,0.17885,0.1522,0.09545
7.0,0.5056,0.19935,0.18015,0.1149
8.0,0.4346,0.2145,0.2139,0.137
9.0,0.3651,0.2236,0.24785,0.16345
10.0,0.2967,0.22935,0.2789,0.19505
11.0,0.23555,0.22535,0.30735,0.23175
12.0,0.1839,0.21525,0.32965,0.2712
13.0,0.14265,0.19845,0.34425,0.31465
14.0,0.1087,0.17885,0.35335,0.3591
15.0,0.08315,0.1564,0.35535,0.4051
16.0,0.0642,0.1328,0.3534,0.4496
17.0,0.0506,0.10935,0.34575,0.4943
18.0,0.0416,0.09,0.32895,0.53945
19.0,0.0337,0.07415,0.31175,0.5804
20.0,0.02785,0.0606,0.289,0.62255
21.0,0.02465,0.04735,0.2664,0.6616
22.0,0.02245,0.03755,0.2461,0.6939
23.0,0.02105,0.03045,0.22495,0.72355
24.0,0.02065,0.0243,0.20265,0.7524
25.0,0.0209,0.01935,0.1832,0.77655
26.0,0.0221,0.01535,0.16465,0.7979
27.0,0.02285,0.0131,0.14695,0.8171
28.0,0.02345,0.01155,0.13045,0.83455
29.0,0.0242,0.01045,0.1157,0.84965
30.0,0.02505,0.0092,0.10405,0.8617
31.0,0.02615,0.0084,0.09395,0.8715
32.0,0.02805,0.00745,0.0843,0.8802
33.0,0.02875,0.007,0.07525,0.889
34.0,0.02955,0.00725,0.0679,0.8953
35.0,0.03155,0.00655,0.06015,0.90175
36.0,0.03465,0.0057,0.05365,0.906
37.0,0.03585,0.0062,0.04705,0.9109
38.0,0.0383,0.0052,0.0427,0.9138
39.0,0.04,0.00435,0.03815,0.9175
40.0,0.04235,0.00435,0.0344,0.9189
41.0,0.0445,0.0044,0.03055,0.92055
42.0,0.0477,0.0044,0.02695,0.92095
43.0,0.0499,0.00425,0.02445,0.9214
44.0,0.05225,0.0039,0.0227,0.92115
45.0,0.0549,0.00365,0.0214,0.92005
46.0,0.05615,0.00345,0.01945,0.92095
47.0,0.05875,0.00345,0.01705,0.92075
48.0,0.06215,0.0028,0.0162,0.91885
49.0,0.0648,0.00285,0.0144,0.91795
50.0,0.0679,0.00245,0.0136,0.91605
51.0,0.07055,0.00245,0.01265,0.91435
52.0,0.07305,0.0024,0.01175,0.9128
53.0,0.07585,0.0027,0.01005,0.9114
54.0,0.0792,0.0022,0.0095,0.9091
55.0,0.0826,0.00175,0.0089,0.90675
56.0,0.0852,0.0021,0.00775,0.90495
57.0,0.08845,0.0019,0.00735,0.9023
58.0,0.09165,0.00195,0.00665,0.89975
59.0,0.09465,0.0018,0.0062,0.89735
60.0,0.09725,0.0018,0.00595,0.895
61.0,0.0998,0.0016,0.00585,0.89275
62.0,0.1023,0.00145,0.0054,0.89085
63.0,0.1045,0.00165,0.00485,0.889
64.0,0.10705,0.00155,0.0044,0.887
65.0,0.109,0.0016,0.00405,0.88535
66.0,0.11185,0.00155,0.0036,0.883
67.0,0.11465,0.0016,0.0034,0.88035
68.0,0.11725,0.0017,0.00315,0.8779
69.0,0.1198,0.0015,0.00295,0.87575
70.0,0.12225,0.0014,0.00275,0.8736
71.0,0.12525,0.0011,0.0031,0.87055
72.0,0.12845,0.00085,0.003,0.8677
73.0,0.13085,0.0008,0.0029,0.86545
74.0,0.13385,0.0009,0.00265,0.8626
75.0,0.13765,0.00075,0.0026,0.859
76.0,0.14025,0.0005,0.0027,0.85655
77.0,0.1424,0.00065,0.0027,0.85425
78.0,0.1448,0.0009,0.0024,0.8519
79.0,0.1473,0.0008,0.00235,0.84955
80.0,0.1496,0.0012,0.00205,0.84715
81.0,0.15215,0.001,0.0024,0.84445
82.0,0.15415,0.00105,0.0025,0.8423
83.0,0.1567,0.0009,0.00245,0.83995
84.0,0.1592,0.001,0.00205,0.83775
85.0,0.16195,0.0008,0.00195,0.8353
86.0,0.1647,0.00075,0.0016,0.83295
87.0,0.1674,0.0007,0.0013,0.8306
88.0,0.17035,0.00065,0.0012,0.8278
89.0,0.1723,0.0005,0.0014,0.8258
90.0,0.1751,0.00055,0.0013,0.82305
91.0,0.17715,0.0005,0.00125,0.8211
92.0,0.1795,0.0005,0.00115,0.81885
93.0,0.18145,0.00065,0.0011,0.8168
94.0,0.1844,0.00055,0.0012,0.81385
95.0,0.1871,0.00055,0.0011,0.81125
96.0,0.1896,0.00045,0.00105,0.8089
97.0,0.19215,0.0003,0.00125,0.8063
98.0,0.19515,0.00045,0.00105,0.80335
99.0,0.1984,0.00045,0.00115,0.8
100.0,0.2007,0.0006,0.0009,0.7978
101.0,0.203,0.0006,0.00095,0.79545
102.0,0.2045,0.0007,0.001,0.7938
103.0,0.2064,0.0007,0.001,0.7919
104.0,0.2086,0.0009,0.001,0.7895
105.0,0.21085,0.0006,0.0013,0.78725
106.0,0.21315,0.00065,0.00115,0.78505
107.0,0.21475,0.00065,0.001,0.7836
108.0,0.2171,0.0005,0.00115,0.78125
109.0,0.21915,0.0004,0.0012,0.77925
110.0,0.22175,0.0006,0.00125,0.7764
111.0,0.22375,0.00065,0.00115,0.77445
112.0,0.2258,0.0005,0.0012,0.7725
113.0,0.2281,0.00055,0.0013,0.77005
114.0,0.2299,0.00055,0.0014,0.76815
115.0,0.23245,0.0007,0.00125,0.7656
116.0,0.2344,0.00075,0.0012,0.76365
117.0,0.23645,0.00085,0.00115,0.76155
118.0,0.2382,0.0009,0.00125,0.75965
119.0,0.2405,0.0008,0.00125,0.75745
120.0,0.24245,0.00065,0.0013,0.7556
121.0,0.24385,0.00105,0.00115,0.75395
122.0,0.24575,0.00115,0.001,0.7521
123.0,0.2482,0.001,0.0013,0.7495
124.0,0.2505,0.001,0.00135,0.74715
125.0,0.2524,0.0009,0.00135,0.74535
126.0,0.2541,0.00115,0.0014,0.74335
127.0,0.2556,0.001,0.0016,0.7418
128.0,0.2574,0.001,0.00155,0.74005
129.0,0.25935,0.001,0.00135,0.7383
130.0,0.26095,0.00115,0.0012,0.7367
131.0,0.26275,0.0012,0.0013,0.73475
132.0,0.2644,0.0013,0.0014,0.7329
133.0,0.2658,0.0016,0.00135,0.73125
134.0,0.26795,0.00125,0.00165,0.72915
135.0,0.26995,0.00095,0.0019,0.7272
136.0,0.2714,0.0013,0.00185,0.72545
137.0,0.27295,0.00145,0.0019,0.7237
138.0,0.27485,0.0014,0.0019,0.72185
139.0,0.2765,0.0015,0.002,0.72
140.0,0.27815,0.0019,0.00215,0.7178
141.0,0.27985,0.0016,0.0024,0.71615
142.0,0.2813,0.00165,0.0024,0.71465
143.0,0.28295,0.00115,0.00295,0.71295
144.0,0.2845,0.0016,0.00265,0.71125
145.0,0.2857,0.00165,0.00275,0.7099
146.0,0.2874,0.00175,0.0028,0.70805
147.0,0.28945,0.0016,0.003,0.70595
148.0,0.291,0.00175,0.00265,0.7046
149.0,0.293,0.0019,0.00265,0.70245
150.0,0.29425,0.002,0.0028,0.70095
151.0,0.2957,0.0024,0.0027,0.6992
152.0,0.2976,0.0021,0.00305,0.69725
153.0,0.2991,0.0021,0.0032,0.6956
154.0,0.3005,0.0021,0.00345,0.69395
155.0,0.3016,0.0021,0.004,0.6923
156.0,0.30225,0.0025,0.00435,0.6909
157.0,0.3025,0.00355,0.0049,0.68905
158.0,0.30315,0.00395,0.0054,0.6875
159.0,0.30435,0.0038,0.0059,0.68595
160.0,0.30495,0.00405,0.0065,0.6845
161.0,0.30525,0.00475,0.00665,0.68335
162.0,0.30565,0.00495,0.00705,0.68235
163.0,0.30585,0.0052,0.0072,0.68175
164.0,0.3064,0.0055,0.00745,0.68065
165.0,0.3066,0.00615,0.00805,0.6792
166.0,0.3065,0.0064,0.0089,0.6782
167.0,0.30665,0.00695,0.00965,0.67675
168.0,0.3062,0.00825,0.00975,0.6758
169.0,0.30565,0.00795,0.01105,0.67535
170.0,0.30545,0.00825,0.01155,0.67475
171.0,0.3044,0.00955,0.01235,0.6737
172.0,0.30335,0.00965,0.0136,0.6734
173.0,0.3022,0.01035,0.01455,0.6729
174.0,0.301,0.0102,0.0159,0.6729
175.0,0.29925,0.01095,0.0162,0.6736
176.0,0.29635,0.01215,0.0175,0.674
177.0,0.2948,0.0121,0.0187,0.6744
178.0,0.29245,0.01335,0.01925,0.67495
179.0,0.2896,0.01345,0.0215,0.67545
180.0,0.28755,0.01415,0.02255,0.67575
181.0,0.28365,0.01615,0.02215,0.67805
182.0,0.28025,0.0171,0.02315,0.6795
183.0,0.2772,0.0182,0.02415,0.68045
184.0,0.27295,0.019,0.02655,0.6815
185.0,0.26925,0.0198,0.02805,0.6829
186.0,0.2664,0.01975,0.02845,0.6854
187.0,0.2613,0.02055,0.0302,0.68795
188.0,0.2574,0.02105,0.03235,0.6892
189.0,0.25245,0.0221,0.0337,0.69175
190.0,0.2479,0.0232,0.0352,0.6937
191.0,0.2425,0.02515,0.03555,0.6968
192.0,0.2389,0.0243,0.03775,0.69905
193.0,0.23505,0.0248,0.03925,0.7009
194.0,0.2307,0.02445,0.04195,0.7029
195.0,0.2273,0.0251,0.04235,0.70525
196.0,0.2224,0.02565,0.04385,0.7081
197.0,0.21725,0.02655,0.04445,0.71175
198.0,0.21245,0.02665,0.04605,0.71485
199.0,0.2071,0.02755,0.0469,0.71845
200.0,0.2017,0.02775,0.0488,0.72175
201.0,0.1962,0.0278,0.05055,0.72545
202.0,0.19175,0.0272,0.052,0.72905
203.0,0.18695,0.02595,0.05375,0.73335
204.0,0.1824,0.0261,0.0525,0.739
205.0,0.1793,0.0254,0.05305,0.74225
206.0,0.1749,0.0261,0.05235,0.74665
207.0,0.17055,0.026,0.05185,0.7516
208.0,0.1674,0.0246,0.05245,0.75555
209.0,0.16295,0.02395,0.05235,0.76075
210.0,0.1594,0.02335,0.05175,0.7655
211.0,0.1562,0.02355,0.05155,0.7687
212.0,0.15315,0.0227,0.05245,0.7717
213.0,0.15185,0.02185,0.05165,0.77465
214.0,0.149,0.02125,0.0504,0.77935
215.0,0.1467,0.0211,0.04935,0.78285
216.0,0.1449,0.0204,0.04865,0.78605
217.0,0.14365,0.01915,0.04795,0.78925
218.0,0.1427,0.0193,0.04745,0.79055
219.0,0.14005,0.0185,0.04715,0.7943
220.0,0.1391,0.01855,0.04515,0.7972
221.0,0.1373,0.0181,0.0446,0.8
222.0,0.1354,0.0182,0.0439,0.8025
223.0,0.1347,0.0172,0.04355,0.80455
224.0,0.134,0.01705,0.0421,0.80685
225.0,0.1339,0.0173,0.0402,0.8086
226.0,0.13305,0.0172,0.03925,0.8105
227.0,0.1327,0.01625,0.03805,0.813
228.0,0.1336,0.0148,0.03765,0.81395
229.0,0.1342,0.01505,0.03655,0.8142
230.0,0.1353,0.014,0.035,0.8157
231.0,0.13535,0.0137,0.0343,0.81665
232.0,0.13495,0.01415,0.03305,0.81785
233.0,0.1361,0.01305,0.0331,0.81775
234.0,0.13655,0.0124,0.0322,0.81885
235.0,0.1372,0.0128,0.0307,0.8193
236.0,0.13885,0.01245,0.0304,0.8183
237.0,0.1391,0.01195,0.0297,0.81925
238.0,0.1409,0.0111,0.02865,0.81935
239.0,0.14195,0.0106,0.028,0.81945
240.0,0.1435,0.01045,0.02765,0.8184
241.0,0.14575,0.01035,0.0271,0.8168
242.0,0.14715,0.01055,0.027,0.8153
243.0,0.14835,0.01105,0.026,0.8146
244.0,0.1494,0.01145,0.02495,0.8142
245.0,0.1507,0.0107,0.0256,0.813
246.0,0.15305,0.01075,0.02435,0.81185
247.0,0.1547,0.0104,0.025,0.8099
248.0,0.157,0.00975,0.0247,0.80855
249.0,0.1582,0.01005,0.0238,0.80795
250.0,0.16015,0.0093,0.0241,0.80645
251.0,0.1617,0.0095,0.02355,0.80525
252.0,0.16375,0.0095,0.0233,0.80345
253.0,0.16535,0.00975,0.0222,0.8027
254.0,0.16685,0.01025,0.021,0.8019
255.0,0.16875,0.0096,0.0213,0.80035
256.0,0.17055,0.0101,0.02075,0.7986
257.0,0.1717,0.0099,0.0208,0.7976
258.0,0.17355,0.00955,0.02175,0.79515
259.0,0.17535,0.0092,0.02135,0.7941
260.0,0.1762,0.0103,0.02125,0.79225
261.0,0.1783,0.01045,0.0217,0.78955
262.0,0.17945,0.01015,0.0224,0.788
263.0,0.18125,0.0105,0.0221,0.78615
264.0,0.1818,0.0101,0.02205,0.78605
265.0,0.1833,0.01055,0.0212,0.78495
266.0,0.186,0.00955,0.0215,0.78295
267.0,0.18665,0.01045,0.02085,0.78205
268.0,0.18765,0.01,0.02055,0.7818
269.0,0.1897,0.0099,0.0203,0.7801
270.0,0.1918,0.0104,0.01955,0.77825
271.0,0.19395,0.01035,0.02015,0.77555
272.0,0.1946,0.011,0.0202,0.7742
273.0,0.19615,0.0106,0.02005,0.7732
274.0,0.1973,0.01105,0.0203,0.77135
275.0,0.1972,0.01125,0.0207,0.77085
276.0,0.198,0.01115,0.0213,0.76955
277.0,0.19925,0.01095,0.0209,0.7689
278.0,0.19995,0.01135,0.02085,0.76785
279.0,0.201,0.0116,0.0202,0.7672
280.0,0.20145,0.0124,0.02045,0.7657
281.0,0.203,0.0121,0.0215,0.7634
282.0,0.205,0.01145,0.0219,0.76165
283.0,0.20525,0.01255,0.02225,0.75995
284.0,0.20525,0.01325,0.022,0.7595
285.0,0.2065,0.01225,0.0235,0.75775
286.0,0.20805,0.0113,0.02405,0.7566
287.0,0.20875,0.01155,0.0239,0.7558
288.0,0.20925,0.01265,0.0237,0.7544
289.0,0.2103,0.01145,0.0253,0.75295
290.0,0.21045,0.0127,0.02515,0.7517
291.0,0.21005,0.01365,0.02545,0.75085
292.0,0.2112,0.01265,0.02715,0.749
293.0,0.21115,0.0127,0.0269,0.74925
294.0,0.21175,0.01355,0.027,0.7477
295.0,0.21125,0.01415,0.02795,0.74665
296.0,0.21155,0.01365,0.0273,0.7475
297.0,0.21205,0.0138,0.0277,0.74645
298.0,0.21135,0.0141,0.0277,0.74685
299.0,0.21185,0.0146,0.0278,0.74575
300.0,0.21195,0.01535,0.0285,0.7442
301.0,0.21055,0.01635,0.0286,0.7445
302.0,0.2111,0.0169,0.02865,0.74335
303.0,0.21075,0.01645,0.03045,0.74235
304.0,0.2104,0.01745,0.031,0.74115
305.0,0.20965,0.0177,0.03125,0.7414
306.0,0.20905,0.0181,0.03165,0.7412
307.0,0.2081,0.0188,0.0316,0.7415
308.0,0.20805,0.01825,0.0324,0.7413
309.0,0.2084,0.01785,0.03225,0.7415
310.0,0.20805,0.0178,0.03155,0.7426
311.0,0.20775,0.01735,0.0314,0.7435
312.0,0.20605,0.0179,0.03235,0.7437
313.0,0.20405,0.02,0.0325,0.74345
314.0,0.2033,0.01915,0.0346,0.74295
315.0,0.2029,0.01875,0.0358,0.74255
316.0,0.20155,0.0192,0.036,0.74325
317.0,0.2018,0.01885,0.03605,0.7433
318.0,0.2007,0.0191,0.038,0.7422
319.0,0.1999,0.01965,0.0383,0.74215
320.0,0.19945,0.0205,0.0375,0.74255
321.0,0.1973,0.0214,0.0383,0.743
322.0,0.19425,0.02305,0.0381,0.7446
323.0,0.1919,0.02275,0.0396,0.74575
324.0,0.19175,0.0212,0.04125,0.7458
325.0,0.1905,0.02125,0.04105,0.7472
326.0,0.1893,0.0211,0.04165,0.74795
327.0,0.18665,0.02135,0.04145,0.75055
328.0,0.18485,0.02135,0.04145,0.75235
329.0,0.18405,0.02155,0.04225,0.75215
330.0,0.1841,0.0192,0.0433,0.7534
331.0,0.1828,0.0195,0.0422,0.7555
332.0,0.183,0.01885,0.04205,0.7561
333.0,0.18205,0.0199,0.0402,0.75785
334.0,0.1801,0.0215,0.03985,0.75855
335.0,0.1789,0.0221,0.03945,0.75955
336.0,0.17725,0.02155,0.03975,0.76145
337.0,0.1776,0.0206,0.04,0.7618
338.0,0.17755,0.01965,0.04025,0.76255
339.0,0.17675,0.0202,0.0396,0.76345
340.0,0.1776,0.0197,0.04015,0.76255
341.0,0.1773,0.019,0.0398,0.7639
342.0,0.17675,0.0196,0.03925,0.7644
343.0,0.17615,0.0184,0.03975,0.7657
344.0,0.1753,0.0186,0.0386,0.7675
345.0,0.17575,0.01845,0.03735,0.76845
346.0,0.1755,0.0191,0.0375,0.7679
347.0,0.1749,0.02005,0.0365,0.76855
348.0,0.17585,0.01935,0.0367,0.7681
349.0,0.17695,0.0193,0.03685,0.7669
350.0,0.17675,0.0188,0.03765,0.7668
351.0,0.17545,0.0194,0.0367,0.76845
352.0,0.1758,0.01895,0.0369,0.76835
353.0,0.1766,0.0184,0.0371,0.7679
354.0,0.1775,0.01785,0.03675,0.7679
355.0,0.1781,0.0178,0.0369,0.7672
356.0,0.178,0.01685,0.03695,0.7682
357.0,0.17715,0.0179,0.03665,0.7683
358.0,0.1776,0.018,0.03615,0.76825
359.0,0.1768,0.01735,0.0365,0.76935
360.0,0.17615,0.0171,0.0361,0.77065
361.0,0.17615,0.018,0.0358,0.77005
362.0,0.1755,0.0189,0.03555,0.77005
363.0,0.174,0.02035,0.03535,0.7703
364.0,0.1736,0.01985,0.03645,0.7701
365.0,0.17395,0.01905,0.0368,0.7702
366.0,0.174,0.0192,0.0375,0.7693
367.0,0.17455,0.01835,0.0382,0.7689
368.0,0.1748,0.0176,0.0383,0.7693
369.0,0.1753,0.018,0.0374,0.7693
370.0,0.1752,0.01805,0.03745,0.7693
371.0,0.175,0.01865,0.0371,0.76925
372.0,0.17565,0.018,0.0377,0.76865
373.0,0.17655,0.0174,0.0369,0.76915
374.0,0.17665,0.01765,0.0367,0.769
375.0,0.1764,0.01745,0.03675,0.7694
376.0,0.1752,0.01785,0.0375,0.76945
377.0,0.1753,0.01765,0.038,0.76905
378.0,0.1746,0.01755,0.03655,0.7713
379.0,0.1739,0.0187,0.0357,0.7717
380.0,0.17285,0.0184,0.03595,0.7728
381.0,0.1742,0.0173,0.03545,0.77305
382.0,0.1753,0.01665,0.03475,0.7733
383.0,0.17725,0.01695,0.03475,0.77105
384.0,0.177,0.01715,0.03475,0.7711
385.0,0.17715,0.01735,0.034,0.7715
386.0,0.17775,0.01725,0.03445,0.77055
387.0,0.17865,0.0161,0.03595,0.7693
388.0,0.17885,0.0158,0.03635,0.769
389.0,0.17845,0.01665,0.03615,0.76875
390.0,0.17785,0.01775,0.0359,0.7685
391.0,0.17745,0.0169,0.0373,0.76835
392.0,0.17885,0.0153,0.03815,0.7677
393.0,0.18005,0.01495,0.0385,0.7665
394.0,0.18025,0.01635,0.0371,0.7663
395.0,0.17825,0.0176,0.03695,0.7672
396.0,0.1782,0.0173,0.0373,0.7672
397.0,0.17695,0.01785,0.03685,0.76835
398.0,0.17695,0.01755,0.03705,0.76845
399.0,0.1766,0.01745,0.0369,0.76905
400.0,0.17755,0.017,0.0361,0.76935
401.0,0.1782,0.01695,0.03635,0.7685
402.0,0.17905,0.01615,0.03565,0.76915
403.0,0.1791,0.0166,0.03635,0.76795
404.0,0.1791,0.0169,0.0367,0.7673
405.0,0.17845,0.01715,0.03655,0.76785
406.0,0.1786,0.0184,0.03525,0.76775
407.0,0.17885,0.01775,0.03635,0.76705
408.0,0.1801,0.017,0.0369,0.766
409.0,0.18095,0.01675,0.03615,0.76615
410.0,0.18115,0.0175,0.036,0.76535
411.0,0.18115,0.01695,0.03625,0.76565
412.0,0.18225,0.01685,0.03575,0.76515
413.0,0.1833,0.0174,0.0353,0.764
414.0,0.18315,0.01815,0.03475,0.76395
415.0,0.18185,0.0186,0.0346,0.76495
416.0,0.18195,0.01705,0.0344,0.7666
417.0,0.1826,0.0177,0.034,0.7657
418.0,0.18315,0.01785,0.0332,0.7658
419.0,0.1831,0.018,0.034,0.7649
420.0,0.1827,0.01785,0.0341,0.76535
421.0,0.18195,0.01785,0.03365,0.76655
422.0,0.18325,0.0162,0.0348,0.76575
423.0,0.18385,0.0158,0.03495,0.7654
424.0,0.18425,0.0157,0.03605,0.764
425.0,0.18375,0.01675,0.0356,0.7639
426.0,0.18305,0.0178,0.0363,0.76285
427.0,0.1832,0.01735,0.03605,0.7634
428.0,0.18235,0.01855,0.03595,0.76315
429.0,0.1811,0.01985,0.0349,0.76415
430.0,0.1813,0.01915,0.03545,0.7641
431.0,0.1822,0.0182,0.03585,0.76375
432.0,0.1812,0.01835,0.0367,0.76375
433.0,0.1815,0.01785,0.03675,0.7639
434.0,0.1818,0.01795,0.03715,0.7631
435.0,0.18075,0.01885,0.03635,0.76405
436.0,0.1801,0.0193,0.03675,0.76385
437.0,0.1798,0.01875,0.03775,0.7637
438.0,0.1798,0.01785,0.0369,0.76545
439.0,0.1795,0.01835,0.03665,0.7655
440.0,0.17955,0.0188,0.03685,0.7648
441.0,0.1787,0.0186,0.03695,0.76575
442.0,0.17905,0.01795,0.0366,0.7664
443.0,0.17995,0.0169,0.0367,0.76645
444.0,0.17855,0.01885,0.0362,0.7664
445.0,0.17845,0.0189,0.0366,0.76605
446.0,0.178,0.0184,0.0365,0.7671
447.0,0.1779,0.018,0.03805,0.76605
448.0,0.17755,0.018,0.0372,0.76725
449.0,0.17645,0.0183,0.0367,0.76855
450.0,0.17575,0.0187,0.03615,0.7694
451.0,0.1756,0.01865,0.03555,0.7702
452.0,0.17435,0.0195,0.0367,0.76945
453.0,0.1734,0.01835,0.03805,0.7702
454.0,0.1733,0.0184,0.0389,0.7694
455.0,0.1728,0.0182,0.03855,0.77045
456.0,0.1714,0.0185,0.0394,0.7707
457.0,0.171,0.0188,0.0382,0.772
458.0,0.17195,0.0176,0.0387,0.77175
459.0,0.17125,0.0168,0.03945,0.7725
460.0,0.1707,0.01695,0.03865,0.7737
461.0,0.1701,0.01805,0.03765,0.7742
462.0,0.1708,0.0167,0.03775,0.77475
463.0,0.17125,0.01705,0.03605,0.77565
464.0,0.17265,0.01645,0.0362,0.7747
465.0,0.17255,0.0164,0.03555,0.7755
466.0,0.1716,0.0182,0.0345,0.7757
467.0,0.17155,0.0172,0.03565,0.7756
468.0,0.1702,0.0181,0.03475,0.77695
469.0,0.17115,0.0173,0.03545,0.7761
470.0,0.1713,0.0171,0.03525,0.77635
471.0,0.171,0.0169,0.0354,0.7767
472.0,0.1711,0.0158,0.03655,0.77655
473.0,0.17195,0.0162,0.0363,0.77555
474.0,0.17365,0.0157,0.03605,0.7746
475.0,0.17225,0.0173,0.0358,0.77465
476.0,0.17235,0.01685,0.03625,0.77455
477.0,0.1729,0.01645,0.03605,0.7746
478.0,0.1735,0.01615,0.0358,0.77455
479.0,0.17245,0.01715,0.0352,0.7752
480.0,0.17355,0.01745,0.0353,0.7737
481.0,0.1739,0.0168,0.03575,0.77355
482.0,0.17295,0.01765,0.03475,0.77465
483.0,0.1731,0.0177,0.03445,0.77475
484.0,0.17285,0.01785,0.03495,0.77435
485.0,0.17285,0.01795,0.03585,0.77335
486.0,0.1732,0.01785,0.036,0.77295
487.0,0.1743,0.01715,0.03595,0.7726
488.0,0.175,0.01755,0.03565,0.7718
489.0,0.17605,0.01615,0.03665,0.77115
490.0,0.17525,0.01675,0.03625,0.77175
491.0,0.1759,0.01675,0.0352,0.77215
492.0,0.176,0.0164,0.03575,0.77185
493.0,0.17615,0.0162,0.03525,0.7724
494.0,0.1771,0.0157,0.0352,0.772
495.0,0.17835,0.01685,0.033,0.7718
496.0,0.17785,0.01635,0.0342,0.7716
497.0,0.17855,0.0165,0.03435,0.7706
498.0,0.17895,0.0166,0.0345,0.76995
499.0,0.17895,0.0171,0.0348,0.76915
500.0,0.1783,0.0171,0.0345,0.7701
501.0,0.17875,0.0163,0.0355,0.76945
502.0,0.17825,0.01635,0.0355,0.7699
503.0,0.17745,0.0162,0.0359,0.77045
504.0,0.17765,0.01605,0.0352,0.7711
505.0,0.17755,0.01685,0.03505,0.77055
506.0,0.17745,0.01775,0.03435,0.77045
507.0,0.1775,0.0178,0.0345,0.7702
508.0,0.17885,0.01645,0.03505,0.76965
509.0,0.17905,0.01655,0.03505,0.76935
510.0,0.179,0.01605,0.0347,0.77025
511.0,0.18,0.01515,0.035,0.76985
512.0,0.18,0.016,0.03425,0.76975
513.0,0.18055,0.01625,0.03425,0.76895
514.0,0.1807,0.01575,0.03405,0.7695
515.0,0.1811,0.0158,0.03445,0.76865
516.0,0.1812,0.01565,0.0339,0.76925
517.0,0.18115,0.01605,0.03395,0.76885
518.0,0.1809,0.01615,0.0343,0.76865
519.0,0.18065,0.01745,0.03285,0.76905
520.0,0.1812,0.017,0.033,0.7688
521.0,0.1809,0.0173,0.0333,0.7685
522.0,0.1814,0.01695,0.03305,0.7686
523.0,0.1812,0.0164,0.03305,0.76935
524.0,0.1808,0.01695,0.03285,0.7694
525.0,0.18185,0.0162,0.0336,0.76835
526.0,0.18315,0.01585,0.0327,0.7683
527.0,0.1841,0.01565,0.0327,0.76755
528.0,0.18385,0.0167,0.0333,0.76615
529.0,0.18365,0.0179,0.03245,0.766
530.0,0.18335,0.0177,0.0332,0.76575
531.0,0.18435,0.0165,0.03485,0.7643
532.0,0.1841,0.01735,0.03425,0.7643
533.0,0.18445,0.01755,0.03435,0.76365
534.0,0.18455,0.01765,0.03425,0.76355
535.0,0.18495,0.0171,0.03525,0.7627
536.0,0.184,0.01805,0.03465,0.7633
537.0,0.18395,0.0188,0.0343,0.76295
538.0,0.18385,0.01865,0.03535,0.76215
539.0,0.18285,0.01855,0.0369,0.7617
540.0,0.1833,0.01795,0.03735,0.7614
541.0,0.18285,0.01725,0.03725,0.76265
542.0,0.18375,0.01625,0.0367,0.7633
543.0,0.18355,0.01625,0.03635,0.76385
544.0,0.1834,0.0171,0.0356,0.7639
545.0,0.183,0.01665,0.03625,0.7641
546.0,0.18185,0.0182,0.03575,0.7642
547.0,0.18205,0.0171,0.0359,0.76495
548.0,0.182,0.0177,0.0357,0.7646
549.0,0.18105,0.01785,0.03505,0.76605
550.0,0.1819,0.01755,0.0342,0.76635
551.0,0.1827,0.0169,0.0353,0.7651
552.0,0.1833,0.01745,0.0344,0.76485
553.0,0.18395,0.0175,0.03385,0.7647
554.0,0.18325,0.01805,0.034,0.7647
555.0,0.18355,0.01715,0.03405,0.76525
556.0,0.18295,0.01795,0.03395,0.76515
557.0,0.18275,0.01785,0.03385,0.76555
558.0,0.18325,0.01665,0.03495,0.76515
559.0,0.1841,0.0168,0.0352,0.7639
560.0,0.1835,0.017,0.03495,0.76455
561.0,0.18365,0.01645,0.03615,0.76375
562.0,0.18375,0.0168,0.0363,0.76315
563.0,0.1838,0.0172,0.03505,0.76395
564.0,0.1837,0.0159,0.0354,0.765
565.0,0.18305,0.0168,0.035,0.76515
566.0,0.184,0.0161,0.03555,0.76435
567.0,0.1838,0.0179,0.0349,0.7634
568.0,0.1855,0.01605,0.0352,0.76325
569.0,0.18665,0.0158,0.03485,0.7627
570.0,0.1865,0.0171,0.03545,0.76095
571.0,0.18625,0.0165,0.0363,0.76095
572.0,0.18515,0.01685,0.03685,0.76115
573.0,0.18535,0.01795,0.0364,0.7603
574.0,0.1853,0.0186,0.0372,0.7589
575.0,0.1853,0.0186,0.0376,0.7585
576.0,0.18535,0.0189,0.03735,0.7584
577.0,0.1849,0.019,0.0382,0.7579
578.0,0.1849,0.01925,0.03885,0.757
579.0,0.1854,0.0187,0.0388,0.7571
580.0,0.1851,0.01895,0.0393,0.75665
581.0,0.18525,0.0201,0.0392,0.75545
582.0,0.18755,0.0186,0.03935,0.7545
583.0,0.18685,0.0186,0.03895,0.7556
584.0,0.18635,0.01885,0.0393,0.7555
585.0,0.1857,0.01835,0.0389,0.75705
586.0,0.18435,0.0186,0.0391,0.75795
587.0,0.1838,0.0189,0.0393,0.758
588.0,0.18375,0.01915,0.03985,0.75725
589.0,0.18115,0.0202,0.03945,0.7592
590.0,0.18055,0.02,0.0396,0.75985
591.0,0.17935,0.02135,0.0392,0.7601
592.0,0.17945,0.0201,0.03975,0.7607
593.0,0.17865,0.0206,0.03925,0.7615
594.0,0.17695,0.02025,0.0401,0.7627
595.0,0.1772,0.0191,0.04095,0.76275
596.0,0.1761,0.0188,0.04155,0.76355
597.0,0.1759,0.01845,0.0421,0.76355
598.0,0.1751,0.01955,0.0409,0.76445
599.0,0.17525,0.0188,0.0412,0.76475
600.0,0.17505,0.01905,0.04135,0.76455
601.0,0.1739,0.0196,0.04155,0.76495
602.0,0.17175,0.02095,0.0418,0.7655
603.0,0.1728,0.0207,0.0416,0.7649
604.0,0.1735,0.01915,0.042,0.76535
605.0,0.1743,0.0186,0.04055,0.76655
606.0,0.1736,0.0183,0.04005,0.76805
607.0,0.1725,0.0194,0.03995,0.76815
608.0,0.1718,0.01955,0.04025,0.7684
609.0,0.17135,0.0196,0.03955,0.7695
610.0,0.17155,0.0197,0.03965,0.7691
611.0,0.17125,0.02005,0.0395,0.7692
612.0,0.17045,0.0195,0.04085,0.7692
613.0,0.171,0.01905,0.0407,0.76925
614.0,0.17115,0.01855,0.0401,0.7702
615.0,0.17115,0.0192,0.0392,0.77045
616.0,0.1711,0.0194,0.03955,0.76995
617.0,0.17015,0.02025,0.03945,0.77015
618.0,0.17075,0.01965,0.03985,0.76975
619.0,0.17035,0.0202,0.0382,0.77125
620.0,0.17145,0.01895,0.03805,0.77155
621.0,0.17145,0.0182,0.0385,0.77185
622.0,0.17065,0.0183,0.03855,0.7725
623.0,0.17165,0.0176,0.0388,0.77195
624.0,0.1725,0.018,0.0379,0.7716
625.0,0.1731,0.01835,0.037,0.77155
626.0,0.173,0.01805,0.0375,0.77145
627.0,0.1731,0.01765,0.0371,0.77215
628.0,0.17385,0.0176,0.03625,0.7723
629.0,0.1735,0.0182,0.03725,0.77105
630.0,0.17305,0.01795,0.0367,0.7723
631.0,0.1731,0.01785,0.0372,0.77185
632.0,0.17275,0.01765,0.03675,0.77285
633.0,0.1724,0.01765,0.03615,0.7738
634.0,0.17265,0.01675,0.0365,0.7741
635.0,0.1727,0.01755,0.0356,0.77415
636.0,0.17415,0.016,0.0366,0.77325
637.0,0.1743,0.01675,0.0358,0.77315
638.0,0.17645,0.016,0.03525,0.7723
639.0,0.17685,0.0165,0.03525,0.7714
640.0,0.1777,0.0163,0.0357,0.7703
641.0,0.17915,0.0161,0.0349,0.76985
642.0,0.18005,0.0165,0.03455,0.7689
643.0,0.1801,0.01625,0.0339,0.76975
644.0,0.1809,0.0167,0.0338,0.7686
645.0,0.1809,0.0171,0.03395,0.76805
646.0,0.1822,0.01655,0.034,0.76725
647.0,0.18215,0.018,0.0325,0.76735
648.0,0.1838,0.01675,0.03255,0.7669
649.0,0.18455,0.01695,0.033,0.7655
650.0,0.18535,0.01665,0.0336,0.7644
651.0,0.185,0.01725,0.03335,0.7644
652.0,0.1849,0.0179,0.03315,0.76405
653.0,0.185,0.01725,0.03445,0.7633
654.0,0.18535,0.0171,0.03435,0.7632
655.0,0.18615,0.0168,0.03495,0.7621
656.0,0.1859,0.0164,0.03495,0.76275
657.0,0.1853,0.01695,0.0339,0.76385
658.0,0.18585,0.0174,0.033,0.76375
659.0,0.1863,0.01695,0.0327,0.76405
660.0,0.1858,0.01815,0.0327,0.76335
661.0,0.18525,0.01795,0.0332,0.7636
662.0,0.1857,0.0177,0.03305,0.76355
663.0,0.1864,0.0181,0.03315,0.76235
664.0,0.18655,0.01765,0.03375,0.76205
665.0,0.18545,0.0185,0.03375,0.7623
666.0,0.1868,0.01735,0.035,0.76085
667.0,0.18545,0.01895,0.03545,0.76015
668.0,0.18565,0.01795,0.03645,0.75995
669.0,0.18505,0.0191,0.0364,0.75945
670.0,0.1837,0.0191,0.0368,0.7604
671.0,0.1837,0.0179,0.0374,0.761
672.0,0.18415,0.01715,0.0376,0.7611
673.0,0.1839,0.018,0.03705,0.76105
674.0,0.18355,0.01785,0.0372,0.7614
675.0,0.18375,0.0185,0.0368,0.76095
676.0,0.1851,0.01735,0.036,0.76155
677.0,0.18515,0.0179,0.0354,0.76155
678.0,0.18595,0.0172,0.0363,0.76055
679.0,0.18605,0.0177,0.0355,0.76075
680.0,0.1859,0.0173,0.03595,0.76085
681.0,0.18495,0.0176,0.0356,0.76185
682.0,0.1853,0.01795,0.0352,0.76155
683.0,0.1855,0.0174,0.0366,0.7605
684.0,0.1854,0.0163,0.0379,0.7604
685.0,0.1848,0.017,0.03735,0.76085
686.0,0.1848,0.0167,0.03665,0.76185
687.0,0.18465,0.0176,0.0358,0.76195
688.0,0.18395,0.0181,0.03635,0.7616
689.0,0.18445,0.01755,0.03665,0.76135
690.0,0.18345,0.0172,0.0374,0.76195
691.0,0.18305,0.0171,0.03715,0.7627
692.0,0.18355,0.01735,0.03675,0.76235
693.0,0.18355,0.017,0.03685,0.7626
694.0,0.1835,0.01805,0.0365,0.76195
695.0,0.1826,0.01715,0.0371,0.76315
696.0,0.18205,0.0174,0.03685,0.7637
697.0,0.18225,0.01735,0.0365,0.7639
698.0,0.1815,0.01785,0.0366,0.76405
699.0,0.1814,0.0177,0.03625,0.76465
700.0,0.1808,0.0184,0.03645,0.76435
701.0,0.1799,0.01855,0.0373,0.76425
702.0,0.17995,0.0175,0.03815,0.7644
703.0,0.17975,0.01705,0.03855,0.76465
704.0,0.17895,0.0181,0.0377,0.76525
705.0,0.179,0.01905,0.0363,0.76565
706.0,0.17825,0.01905,0.03675,0.76595
707.0,0.1787,0.01765,0.0372,0.76645
708.0,0.1793,0.01795,0.037,0.76575
709.0,0.17905,0.01845,0.0366,0.7659
710.0,0.17745,0.0192,0.03665,0.7667
711.0,0.1772,0.01935,0.03605,0.7674
712.0,0.17555,0.0183,0.0381,0.76805
713.0,0.1752,0.0191,0.0371,0.7686
714.0,0.1757,0.01825,0.0376,0.76845
715.0,0.1755,0.0181,0.0377,0.7687
716.0,0.17565,0.01815,0.03725,0.76895
717.0,0.1746,0.01885,0.03665,0.7699
718.0,0.1743,0.0184,0.0363,0.771
719.0,0.175,0.01805,0.0364,0.77055
720.0,0.17455,0.01845,0.03515,0.77185
721.0,0.175,0.018,0.03495,0.77205
722.0,0.1743,0.0182,0.0356,0.7719
723.0,0.17475,0.0179,0.0356,0.77175
724.0,0.17425,0.01845,0.0354,0.7719
725.0,0.17375,0.0188,0.03515,0.7723
726.0,0.17265,0.0184,0.0357,0.77325
727.0,0.17335,0.01795,0.0362,0.7725
728.0,0.1721,0.018,0.0369,0.773
729.0,0.1725,0.01745,0.0372,0.77285
730.0,0.17365,0.01705,0.0365,0.7728
