time,propSusceptible,propExposed,propInfected,propRecovered
0.0,0.9,0.0,0.1,0.0
1.0,0.84585,0.05415,0.0632,0.0368
2.0,0.80095,0.08315,0.0717,0.0442
3.0,0.7504,0.11265,0.08295,0.054
4.0,0.69955,0.13195,0.10295,0.06555
5.0,0.6378,0.15555,0.12705,0.0796
6.0,0.57185,0.1757,0.15685,0.0956
7.0,0.49985,0.2007,0.1827,0.11675
8.0,0.4274,0.21735,0.2123,0.14295
9.0,0.356,0.22855,0.245,0.17045
10.0,0.28835,0.2293,0.2801,0.20225
11.0,0.22665,0.2253,0.30765,0.2404
12.0,0.1773,0.21255,0.3304,0.27975
13.0,0.13805,0.19205,0.34895,0.32095
14.0,0.10395,0.1726,0.35615,0.3673
15.0,0.0809,0.1503,0.3543,0.4145
16.0,0.06335,0.1288,0.34585,0.462
17.0,0.0501,0.1074,0.3349,0.5076
18.0,0.04,0.08845,0.3213,0.55025
19.0,0.03295,0.07045,0.30425,0.59235
20.0,0.027,0.05805,0.28235,0.6326
21.0,0.0236,0.0464,0.2605,0.6695
22.0,0.021,0.03785,0.23685,0.7043
23.0,0.01985,0.0305,0.21405,0.7356
24.0,0.0183,0.02495,0.19385,0.7629
25.0,0.01855,0.0192,0.17455,0.7877
26.0,0.0196,0.016,0.15685,0.80755
27.0,0.0207,0.0136,0.13955,0.82615
28.0,0.02145,0.0124,0.12665,0.8395
29.0,0.02235,0.0104,0.11315,0.8541
30.0,0.0236,0.0096,0.1004,0.8664
31.0,0.0248,0.00795,0.09055,0.8767
32.0,0.0267,0.0064,0.0807,0.8862
33.0,0.0285,0.00665,0.0719,0.89295
34.0,0.03085,0.0059,0.06325,0.9
35.0,0.0319,0.00655,0.05595,0.9056
36.0,0.0338,0.0055,0.04995,0.91075
37.0,0.03595,0.00475,0.04415,0.91515
38.0,0.038,0.0045,0.0401,0.9174
39.0,0.04015,0.0037,0.03665,0.9195
40.0,0.04265,0.0038,0.03235,0.9212
41.0,0.04595,0.00305,0.0293,0.9217
42.0,0.04775,0.00335,0.0258,0.9231
43.0,0.0497,0.0034,0.0231,0.9238
44.0,0.05245,0.0036,0.02045,0.9235
45.0,0.05505,0.0031,0.0184,0.92345
46.0,0.05785,0.0029,0.01665,0.9226
47.0,0.0604,0.00255,0.01515,0.9219
48.0,0.06295,0.00275,0.0133,0.921
49.0,0.06505,0.0023,0.01205,0.9206
50.0,0.0683,0.0024,0.0111,0.9182
51.0,0.07095,0.00245,0.00995,0.91665
52.0,0.07385,0.0025,0.00865,0.915
53.0,0.07675,0.00225,0.00825,0.91275
54.0,0.07905,0.00195,0.00785,0.91115
55.0,0.08205,0.0018,0.00715,0.909
56.0,0.0851,0.0018,0.006,0.9071
57.0,0.0885,0.0014,0.00565,0.90445
58.0,0.0912,0.00125,0.00515,0.9024
59.0,0.09365,0.0013,0.0044,0.90065
60.0,0.0963,0.00115,0.0041,0.89845
61.0,0.09885,0.00115,0.00365,0.89635
62.0,0.1013,0.00135,0.0033,0.89405
63.0,0.1038,0.0013,0.00315,0.89175
64.0,0.10595,0.00155,0.0031,0.8894
65.0,0.10855,0.0015,0.0032,0.88675
66.0,0.11055,0.00145,0.0031,0.8849
67.0,0.11375,0.00105,0.00305,0.88215
68.0,0.1163,0.0009,0.00285,0.87995
69.0,0.11895,0.0009,0.00265,0.8775
70.0,0.1213,0.00105,0.0026,0.87505
71.0,0.12375,0.00125,0.00235,0.87265
72.0,0.1259,0.0011,0.0022,0.8708
73.0,0.1277,0.0012,0.00235,0.86875
74.0,0.13065,0.001,0.00205,0.8663
75.0,0.13305,0.001,0.0019,0.86405
76.0,0.1357,0.0012,0.00185,0.86125
77.0,0.1381,0.001,0.00185,0.85905
78.0,0.1412,0.00085,0.0017,0.85625
79.0,0.1435,0.00085,0.0016,0.85405
80.0,0.14565,0.0008,0.00155,0.852
81.0,0.1479,0.0008,0.0015,0.8498
82.0,0.15085,0.00065,0.00145,0.84705
83.0,0.1531,0.0008,0.00135,0.84475
84.0,0.15555,0.0007,0.00135,0.8424
85.0,0.15795,0.0004,0.0015,0.84015
86.0,0.1597,0.0006,0.00125,0.83845
87.0,0.16225,0.00045,0.00125,0.83605
88.0,0.1642,0.00045,0.00125,0.8341
89.0,0.1671,0.0004,0.0012,0.8313
90.0,0.16955,0.00035,0.00115,0.82895
91.0,0.172,0.0005,0.00095,0.82655
92.0,0.174,0.0004,0.001,0.8246
93.0,0.1764,0.00045,0.00085,0.8223
94.0,0.1792,0.0004,0.00075,0.81965
95.0,0.18175,0.00025,0.001,0.817
96.0,0.184,0.0003,0.00085,0.81485
97.0,0.18675,0.0003,0.0009,0.81205
98.0,0.18885,0.00015,0.00105,0.80995
99.0,0.1916,0.0002,0.0009,0.8073
100.0,0.19405,0.0003,0.0008,0.80485
101.0,0.19625,0.00045,0.0008,0.8025
102.0,0.1983,0.00045,0.00075,0.8005
103.0,0.20035,0.00055,0.0008,0.7983
104.0,0.2024,0.0005,0.0007,0.7964
105.0,0.2049,0.00045,0.00075,0.7939
106.0,0.20735,0.00045,0.00075,0.79145
107.0,0.20965,0.00025,0.0007,0.7894
108.0,0.2115,0.00025,0.0007,0.78755
109.0,0.21355,0.00025,0.00065,0.78555
110.0,0.21605,0.00035,0.0006,0.783
111.0,0.2185,0.00035,0.00055,0.7806
112.0,0.2207,0.00025,0.0006,0.77845
113.0,0.2226,0.0004,0.00065,0.77635
114.0,0.22445,0.0006,0.0007,0.77425
115.0,0.22635,0.0007,0.00075,0.7722
116.0,0.2284,0.00055,0.0009,0.77015
117.0,0.2306,0.0004,0.001,0.768
118.0,0.23245,0.00055,0.0009,0.7661
119.0,0.2349,0.00055,0.0008,0.76375
120.0,0.2374,0.0006,0.0008,0.7612
121.0,0.2393,0.0006,0.00095,0.75915
122.0,0.2416,0.0006,0.00105,0.75675
123.0,0.24325,0.0006,0.0012,0.75495
124.0,0.24505,0.0006,0.00125,0.7531
125.0,0.2465,0.0008,0.00135,0.75135
126.0,0.2485,0.001,0.00125,0.74925
127.0,0.25115,0.00095,0.00135,0.74655
128.0,0.25275,0.00085,0.0012,0.7452
129.0,0.255,0.0008,0.00135,0.74285
130.0,0.25735,0.0009,0.0011,0.74065
131.0,0.2594,0.0007,0.00115,0.73875
132.0,0.26195,0.00075,0.00125,0.73605
133.0,0.2638,0.00095,0.0012,0.73405
134.0,0.2657,0.00095,0.0013,0.73205
135.0,0.2676,0.00105,0.00145,0.7299
136.0,0.2694,0.0011,0.0015,0.728
137.0,0.27145,0.0007,0.00175,0.7261
138.0,0.2725,0.0007,0.0018,0.725
139.0,0.27375,0.00105,0.0017,0.7235
140.0,0.27595,0.0008,0.0017,0.72155
141.0,0.2771,0.00085,0.0015,0.72055
142.0,0.2786,0.001,0.0014,0.719
143.0,0.2807,0.00085,0.00155,0.7169
144.0,0.28225,0.0008,0.0018,0.71515
145.0,0.2836,0.0011,0.0019,0.7134
146.0,0.28465,0.0011,0.00205,0.7122
147.0,0.28615,0.0012,0.002,0.71065
148.0,0.28775,0.0014,0.0022,0.70865
149.0,0.28915,0.0015,0.0022,0.70715
150.0,0.2903,0.0018,0.00215,0.70575
151.0,0.2922,0.00175,0.00245,0.7036
152.0,0.2949,0.0018,0.0025,0.7008
153.0,0.2974,0.00155,0.0025,0.69855
154.0,0.2992,0.0017,0.0025,0.6966
155.0,0.30085,0.00165,0.0028,0.6947
156.0,0.3022,0.0019,0.00275,0.69315
157.0,0.30375,0.00205,0.00305,0.69115
158.0,0.3051,0.00255,0.0031,0.68925
159.0,0.30755,0.00235,0.00325,0.68685
160.0,0.3089,0.0021,0.00395,0.68505
161.0,0.3091,0.00295,0.0042,0.68375
162.0,0.3105,0.00305,0.0044,0.68205
163.0,0.3119,0.00315,0.00455,0.6804
164.0,0.31285,0.0032,0.0049,0.67905
165.0,0.3132,0.00385,0.00525,0.6777
166.0,0.3144,0.0035,0.0063,0.6758
167.0,0.31465,0.0044,0.0066,0.67435
168.0,0.3154,0.0051,0.0072,0.6723
169.0,0.315,0.0062,0.0077,0.6711
170.0,0.31515,0.00585,0.00855,0.67045
171.0,0.31385,0.0072,0.00935,0.6696
172.0,0.31335,0.007,0.0108,0.66885
173.0,0.3121,0.00785,0.01125,0.6688
174.0,0.3117,0.0083,0.0113,0.6687
175.0,0.31065,0.00795,0.01295,0.66845
176.0,0.30995,0.0089,0.01305,0.6681
177.0,0.3098,0.00865,0.01465,0.6669
178.0,0.3092,0.0088,0.01535,0.66665
179.0,0.30695,0.0098,0.01575,0.6675
180.0,0.30435,0.01165,0.0165,0.6675
181.0,0.30175,0.01295,0.0168,0.6685
182.0,0.30035,0.01355,0.0172,0.6689
183.0,0.2974,0.01395,0.01855,0.6701
184.0,0.2954,0.01455,0.0192,0.67085
185.0,0.2934,0.01485,0.02085,0.6709
186.0,0.29025,0.015,0.02295,0.6718
187.0,0.28765,0.01505,0.02445,0.67285
188.0,0.284,0.01685,0.02445,0.6747
189.0,0.28055,0.0177,0.02545,0.6763
190.0,0.27695,0.01865,0.02655,0.67785
191.0,0.27285,0.02,0.028,0.67915
192.0,0.26935,0.0202,0.0304,0.68005
193.0,0.26585,0.02075,0.0314,0.682
194.0,0.26185,0.02245,0.0317,0.684
195.0,0.2576,0.0222,0.03385,0.68635
196.0,0.25295,0.02295,0.0352,0.6889
197.0,0.2494,0.0224,0.03805,0.69015
198.0,0.2443,0.02295,0.03905,0.6937
199.0,0.2386,0.02445,0.03965,0.6973
200.0,0.23365,0.0248,0.0416,0.69995
201.0,0.2285,0.0249,0.0437,0.7029
202.0,0.22285,0.0264,0.04395,0.7068
203.0,0.219,0.02485,0.04545,0.7107
204.0,0.2138,0.02685,0.0457,0.71365
205.0,0.20835,0.0279,0.04655,0.7172
206.0,0.20365,0.02605,0.05005,0.72025
207.0,0.1978,0.02605,0.0514,0.72475
208.0,0.19235,0.02695,0.0511,0.7296
209.0,0.1878,0.02585,0.05295,0.7334
210.0,0.1839,0.0245,0.0546,0.737
211.0,0.1795,0.0246,0.0541,0.7418
212.0,0.17525,0.025,0.05295,0.7468
213.0,0.1723,0.02465,0.05165,0.7514
214.0,0.16915,0.02355,0.05095,0.75635
215.0,0.1659,0.0235,0.0503,0.7603
216.0,0.1628,0.02455,0.0481,0.76455
217.0,0.15915,0.02415,0.04815,0.76855
218.0,0.15585,0.0236,0.04885,0.7717
219.0,0.15395,0.02235,0.0493,0.7744
220.0,0.15185,0.02165,0.04905,0.77745
221.0,0.1498,0.0212,0.0482,0.7808
222.0,0.14795,0.02085,0.0469,0.7843
223.0,0.14605,0.02045,0.04605,0.78745
224.0,0.1446,0.021,0.0447,0.7897
225.0,0.1437,0.01985,0.0446,0.79185
226.0,0.14385,0.0185,0.04365,0.794
227.0,0.14275,0.01845,0.04185,0.79695
228.0,0.14205,0.017,0.0418,0.79915
229.0,0.14075,0.01745,0.04135,0.80045
230.0,0.1403,0.01555,0.0417,0.80245
231.0,0.1405,0.0152,0.0397,0.8046
232.0,0.13965,0.0153,0.03855,0.8065
233.0,0.1386,0.01545,0.03695,0.809
234.0,0.1388,0.01455,0.0369,0.80975
235.0,0.139,0.01445,0.03575,0.8108
236.0,0.13915,0.0138,0.03595,0.8111
237.0,0.13925,0.0132,0.03575,0.8118
238.0,0.1397,0.01345,0.0355,0.81135
239.0,0.14005,0.0145,0.03355,0.8119
240.0,0.14125,0.01405,0.03245,0.81225
241.0,0.14235,0.0124,0.03265,0.8126
242.0,0.1419,0.013,0.0308,0.8143
243.0,0.14295,0.01295,0.03005,0.81405
244.0,0.1441,0.0128,0.02895,0.81415
245.0,0.14475,0.0124,0.0276,0.81525
246.0,0.1461,0.012,0.02765,0.81425
247.0,0.14695,0.01145,0.0271,0.8145
248.0,0.1484,0.0108,0.0265,0.8143
249.0,0.14915,0.01065,0.0264,0.8138
250.0,0.1501,0.0102,0.0269,0.8128
251.0,0.15145,0.0107,0.02485,0.813
252.0,0.1528,0.01125,0.02345,0.8125
253.0,0.15515,0.0109,0.0236,0.81035
254.0,0.1572,0.0104,0.0225,0.8099
255.0,0.1587,0.0102,0.02215,0.80895
256.0,0.1596,0.0106,0.02225,0.80755
257.0,0.1602,0.0109,0.0218,0.8071
258.0,0.1619,0.0096,0.0225,0.806
259.0,0.16385,0.00985,0.02175,0.80455
260.0,0.1649,0.01025,0.02115,0.8037
261.0,0.16675,0.0093,0.0215,0.80245
262.0,0.16725,0.01,0.02035,0.8024
263.0,0.16925,0.00905,0.02035,0.80135
264.0,0.1706,0.00845,0.0207,0.80025
265.0,0.1722,0.00855,0.02025,0.799
266.0,0.1752,0.00895,0.01885,0.797
267.0,0.1761,0.0092,0.0184,0.7963
268.0,0.1784,0.00855,0.0187,0.79435
269.0,0.17935,0.00955,0.0176,0.7935
270.0,0.1802,0.0093,0.0182,0.7923
271.0,0.1814,0.0084,0.01865,0.79155
272.0,0.183,0.0091,0.0177,0.7902
273.0,0.1845,0.009,0.01705,0.78945
274.0,0.1865,0.00975,0.0164,0.78735
275.0,0.18785,0.0089,0.01735,0.7859
276.0,0.18945,0.0088,0.0176,0.78415
277.0,0.19205,0.00885,0.01695,0.78215
278.0,0.1949,0.0081,0.01735,0.77965
279.0,0.1972,0.00845,0.0166,0.77775
280.0,0.1998,0.00865,0.0162,0.77535
281.0,0.20135,0.00915,0.0168,0.7727
282.0,0.2037,0.00825,0.0175,0.77055
283.0,0.2054,0.009,0.0165,0.7691
284.0,0.2073,0.0091,0.0165,0.7671
285.0,0.20815,0.0087,0.01685,0.7663
286.0,0.2096,0.009,0.0168,0.7646
287.0,0.2118,0.0092,0.0173,0.7617
288.0,0.2122,0.0098,0.01775,0.76025
289.0,0.21395,0.0102,0.0173,0.75855
290.0,0.21575,0.011,0.0175,0.75575
291.0,0.21695,0.0111,0.0182,0.75375
292.0,0.2172,0.01085,0.0194,0.75255
293.0,0.218,0.01055,0.01935,0.7521
294.0,0.21985,0.01005,0.0194,0.7507
295.0,0.2206,0.0108,0.0191,0.7495
296.0,0.22115,0.01145,0.0192,0.7482
297.0,0.2219,0.0114,0.02025,0.74645
298.0,0.2219,0.0114,0.02115,0.74555
299.0,0.22195,0.01245,0.02185,0.74375
300.0,0.22245,0.0119,0.0222,0.74345
301.0,0.22115,0.0136,0.02285,0.7424
302.0,0.22095,0.01465,0.0238,0.7406
303.0,0.22115,0.0143,0.025,0.73955
304.0,0.2205,0.015,0.02525,0.73925
305.0,0.22,0.01405,0.0262,0.73975
306.0,0.21965,0.01455,0.0262,0.7396
307.0,0.2201,0.01415,0.02725,0.7385
308.0,0.2199,0.01415,0.028,0.73795
309.0,0.21945,0.0146,0.02895,0.737
310.0,0.21955,0.01525,0.02985,0.73535
311.0,0.2191,0.01575,0.03005,0.7351
312.0,0.2186,0.01625,0.0307,0.73445
313.0,0.21765,0.0174,0.0309,0.73405
314.0,0.2163,0.01855,0.03145,0.7337
315.0,0.2154,0.01985,0.03095,0.7338
316.0,0.21585,0.01815,0.03255,0.73345
317.0,0.2147,0.0184,0.0329,0.734
318.0,0.2144,0.0192,0.03355,0.73285
319.0,0.2126,0.019,0.0342,0.7342
320.0,0.21145,0.0193,0.0354,0.73385
321.0,0.21095,0.01915,0.0359,0.734
322.0,0.21015,0.01935,0.0364,0.7341
323.0,0.2096,0.0201,0.03745,0.73285
324.0,0.2074,0.0197,0.0388,0.7341
325.0,0.20625,0.01905,0.04,0.7347
326.0,0.20465,0.02085,0.03925,0.73525
327.0,0.2042,0.0215,0.03875,0.73555
328.0,0.20215,0.0216,0.03935,0.7369
329.0,0.20015,0.02155,0.0401,0.7382
330.0,0.19915,0.02085,0.0405,0.7395
331.0,0.1958,0.0216,0.04075,0.74185
332.0,0.19385,0.02205,0.0407,0.7434
333.0,0.19125,0.02285,0.04045,0.74545
334.0,0.18985,0.02305,0.04055,0.74655
335.0,0.18835,0.0213,0.04315,0.7472
336.0,0.1873,0.0212,0.04265,0.74885
337.0,0.1855,0.0216,0.04195,0.75095
338.0,0.18375,0.0221,0.04125,0.7529
339.0,0.1833,0.02215,0.041,0.75355
340.0,0.1824,0.0214,0.04185,0.75435
341.0,0.1819,0.02065,0.04225,0.7552
342.0,0.1805,0.0206,0.0416,0.7573
343.0,0.1784,0.0205,0.04265,0.75845
344.0,0.17785,0.0206,0.0416,0.75995
345.0,0.17625,0.02125,0.04105,0.76145
346.0,0.17605,0.02035,0.0408,0.7628
347.0,0.1756,0.0201,0.04055,0.76375
348.0,0.17465,0.0198,0.0403,0.76525
349.0,0.17495,0.01845,0.0401,0.7665
350.0,0.1748,0.01815,0.03985,0.7672
351.0,0.17285,0.0195,0.03915,0.7685
352.0,0.17095,0.01955,0.0404,0.7691
353.0,0.16985,0.01945,0.0408,0.7699
354.0,0.16945,0.0192,0.04065,0.7707
355.0,0.16895,0.01805,0.0411,0.7719
356.0,0.16915,0.01815,0.04085,0.77185
357.0,0.16895,0.01765,0.04005,0.77335
358.0,0.1692,0.0183,0.0392,0.7733
359.0,0.16885,0.01825,0.03795,0.77495
360.0,0.16815,0.0184,0.0375,0.77595
361.0,0.16775,0.01845,0.03705,0.77675
362.0,0.16855,0.01795,0.0381,0.7754
363.0,0.16815,0.0177,0.038,0.77615
364.0,0.1686,0.01715,0.038,0.77625
365.0,0.1685,0.01755,0.037,0.77695
366.0,0.16885,0.0183,0.03675,0.7761
367.0,0.16975,0.0169,0.03705,0.7763
368.0,0.17005,0.01735,0.03685,0.77575
369.0,0.1717,0.01595,0.03765,0.7747
370.0,0.17095,0.0171,0.03715,0.7748
371.0,0.17195,0.01735,0.036,0.7747
372.0,0.173,0.01675,0.03565,0.7746
373.0,0.17145,0.01745,0.0353,0.7758
374.0,0.1713,0.0175,0.0358,0.7754
375.0,0.17135,0.0168,0.0351,0.77675
376.0,0.1721,0.0163,0.03485,0.77675
377.0,0.17225,0.01685,0.03305,0.77785
378.0,0.174,0.01545,0.0334,0.77715
379.0,0.1743,0.0158,0.0333,0.7766
380.0,0.1746,0.0153,0.034,0.7761
381.0,0.1754,0.01565,0.0336,0.77535
382.0,0.17595,0.0152,0.0339,0.77495
383.0,0.17595,0.01545,0.03405,0.77455
384.0,0.1767,0.0162,0.0338,0.7733
385.0,0.17835,0.0157,0.03385,0.7721
386.0,0.17865,0.01615,0.0335,0.7717
387.0,0.1794,0.0165,0.0325,0.7716
388.0,0.18025,0.01625,0.0328,0.7707
389.0,0.1803,0.01715,0.03225,0.7703
390.0,0.18025,0.0166,0.033,0.77015
391.0,0.179,0.01705,0.03445,0.7695
392.0,0.18,0.0167,0.0349,0.7684
393.0,0.1806,0.01585,0.0352,0.76835
394.0,0.18125,0.01585,0.03365,0.76925
395.0,0.18245,0.0159,0.03265,0.769
396.0,0.1833,0.01495,0.03185,0.7699
397.0,0.1837,0.0147,0.03175,0.76985
398.0,0.1838,0.0142,0.0316,0.7704
399.0,0.1836,0.0142,0.03195,0.77025
400.0,0.18385,0.01515,0.032,0.769
401.0,0.1834,0.01555,0.03155,0.7695
402.0,0.1831,0.01485,0.0321,0.76995
403.0,0.1825,0.01545,0.0314,0.77065
404.0,0.18325,0.01635,0.03095,0.76945
405.0,0.18465,0.016,0.03135,0.768
406.0,0.1852,0.01575,0.03125,0.7678
407.0,0.1848,0.01685,0.03115,0.7672
408.0,0.18485,0.0166,0.03195,0.7666
409.0,0.18455,0.017,0.0323,0.76615
410.0,0.18495,0.01705,0.03185,0.76615
411.0,0.18475,0.0164,0.03255,0.7663
412.0,0.18555,0.01725,0.03275,0.76445
413.0,0.1859,0.0168,0.03285,0.76445
414.0,0.18565,0.0176,0.03245,0.7643
415.0,0.1856,0.01685,0.03315,0.7644
416.0,0.18415,0.018,0.03255,0.7653
417.0,0.18485,0.01695,0.0337,0.7645
418.0,0.1845,0.0174,0.03435,0.76375
419.0,0.1846,0.01715,0.0344,0.76385
420.0,0.18445,0.0178,0.03395,0.7638
421.0,0.1851,0.0171,0.03285,0.76495
422.0,0.18365,0.01825,0.0326,0.7655
423.0,0.18325,0.0174,0.0338,0.76555
424.0,0.1842,0.01665,0.03365,0.7655
425.0,0.18375,0.01605,0.0339,0.7663
426.0,0.1841,0.01635,0.03375,0.7658
427.0,0.1846,0.01695,0.033,0.76545
428.0,0.1846,0.0165,0.03365,0.76525
429.0,0.1842,0.0167,0.034,0.7651
430.0,0.1857,0.01565,0.0343,0.76435
431.0,0.1852,0.0162,0.0347,0.7639
432.0,0.1863,0.0158,0.0343,0.7636
433.0,0.1871,0.01575,0.03335,0.7638
434.0,0.1874,0.0155,0.0336,0.7635
435.0,0.18665,0.01685,0.03305,0.76345
436.0,0.18735,0.0166,0.0322,0.76385
437.0,0.18755,0.01645,0.033,0.763
438.0,0.18675,0.0174,0.0333,0.76255
439.0,0.1866,0.01715,0.0337,0.76255
440.0,0.1864,0.0177,0.03295,0.76295
441.0,0.186,0.01805,0.03295,0.763
442.0,0.1862,0.01725,0.0339,0.76265
443.0,0.1865,0.01725,0.03365,0.7626
444.0,0.18555,0.0166,0.0345,0.76335
445.0,0.1861,0.01645,0.0347,0.76275
446.0,0.18675,0.01635,0.0343,0.7626
447.0,0.18725,0.01585,0.03485,0.76205
448.0,0.1862,0.0159,0.03565,0.76225
449.0,0.18545,0.0167,0.0344,0.76345
450.0,0.1852,0.01745,0.03495,0.7624
451.0,0.1855,0.01825,0.03425,0.762
452.0,0.1859,0.01735,0.0357,0.76105
453.0,0.1855,0.0185,0.0341,0.7619
454.0,0.1864,0.01695,0.03535,0.7613
455.0,0.18595,0.01725,0.03465,0.76215
456.0,0.1852,0.01775,0.0355,0.76155
457.0,0.18555,0.01715,0.03605,0.76125
458.0,0.1852,0.01745,0.03585,0.7615
459.0,0.185,0.0175,0.03565,0.76185
460.0,0.18475,0.01695,0.0359,0.7624
461.0,0.1843,0.01755,0.03555,0.7626
462.0,0.1842,0.01735,0.0359,0.76255
463.0,0.1832,0.01815,0.03625,0.7624
464.0,0.18275,0.01785,0.03565,0.76375
465.0,0.18275,0.0175,0.0352,0.76455
466.0,0.1822,0.0184,0.0346,0.7648
467.0,0.1818,0.018,0.03505,0.76515
468.0,0.1816,0.0179,0.0358,0.7647
469.0,0.1818,0.0161,0.0359,0.7662
470.0,0.18,0.01725,0.03615,0.7666
471.0,0.1791,0.0183,0.03655,0.76605
472.0,0.17895,0.01795,0.0349,0.7682
473.0,0.1791,0.0173,0.03515,0.76845
474.0,0.17845,0.01845,0.03525,0.76785
475.0,0.1797,0.0169,0.03685,0.76655
476.0,0.17935,0.0171,0.0371,0.76645
477.0,0.1789,0.017,0.03785,0.76625
478.0,0.17895,0.0168,0.03765,0.7666
479.0,0.17835,0.0169,0.0377,0.76705
480.0,0.17745,0.01775,0.03765,0.76715
481.0,0.1773,0.0185,0.0368,0.7674
482.0,0.1762,0.01855,0.03735,0.7679
483.0,0.17525,0.0188,0.0373,0.76865
484.0,0.1751,0.0179,0.0369,0.7701
485.0,0.1757,0.01685,0.0372,0.77025
486.0,0.176,0.0166,0.03615,0.77125
487.0,0.1762,0.01615,0.0362,0.77145
488.0,0.1776,0.0162,0.03565,0.77055
489.0,0.17755,0.01665,0.0344,0.7714
490.0,0.1774,0.01635,0.0345,0.77175
491.0,0.17755,0.01615,0.03435,0.77195
492.0,0.1779,0.0157,0.0342,0.7722
493.0,0.1774,0.0157,0.03445,0.77245
494.0,0.1789,0.0154,0.0343,0.7714
495.0,0.17855,0.0159,0.03425,0.7713
496.0,0.1798,0.0159,0.03385,0.77045
497.0,0.1789,0.0161,0.0348,0.7702
498.0,0.17945,0.0152,0.0363,0.76905
499.0,0.178,0.017,0.035,0.77
500.0,0.17805,0.0166,0.0348,0.77055
501.0,0.17765,0.01735,0.0343,0.7707
502.0,0.17845,0.01665,0.0344,0.7705
503.0,0.1774,0.017,0.03405,0.77155
504.0,0.1776,0.01735,0.03445,0.7706
505.0,0.1785,0.01635,0.0345,0.77065
506.0,0.1778,0.01605,0.0339,0.77225
507.0,0.1775,0.0162,0.03335,0.77295
508.0,0.17745,0.0164,0.0337,0.77245
509.0,0.1777,0.0162,0.03285,0.77325
510.0,0.1785,0.01545,0.0325,0.77355
511.0,0.18065,0.01455,0.0318,0.773
512.0,0.1816,0.01395,0.03175,0.7727
513.0,0.1815,0.0145,0.0312,0.7728
514.0,0.18315,0.0157,0.0302,0.77095
515.0,0.1839,0.0155,0.03085,0.76975
516.0,0.18285,0.0163,0.0318,0.76905
517.0,0.18275,0.01505,0.0334,0.7688
518.0,0.18315,0.01525,0.0324,0.7692
519.0,0.18405,0.01545,0.03195,0.76855
520.0,0.1846,0.01545,0.03175,0.7682
521.0,0.18445,0.01525,0.032,0.7683
522.0,0.1839,0.0157,0.032,0.7684
523.0,0.18415,0.01535,0.0325,0.768
524.0,0.1847,0.01495,0.0324,0.76795
525.0,0.1852,0.01575,0.03125,0.7678
526.0,0.1852,0.01585,0.03105,0.7679
527.0,0.1851,0.01555,0.03185,0.7675
528.0,0.1856,0.0159,0.03195,0.76655
529.0,0.18585,0.01595,0.0322,0.766
530.0,0.186,0.0159,0.03245,0.76565
531.0,0.1861,0.016,0.0328,0.7651
532.0,0.1857,0.0167,0.0324,0.7652
533.0,0.1859,0.0174,0.03215,0.76455
534.0,0.18815,0.01635,0.0326,0.7629
535.0,0.18875,0.0161,0.03305,0.7621
536.0,0.18795,0.01665,0.0325,0.7629
537.0,0.1871,0.0177,0.0321,0.7631
538.0,0.187,0.01745,0.0325,0.76305
539.0,0.18725,0.01725,0.0332,0.7623
540.0,0.1872,0.01755,0.03335,0.7619
541.0,0.18725,0.0168,0.03405,0.7619
542.0,0.18775,0.0162,0.0346,0.76145
543.0,0.188,0.01625,0.0345,0.76125
544.0,0.1874,0.01625,0.03325,0.7631
545.0,0.18575,0.018,0.0336,0.76265
546.0,0.18615,0.01705,0.034,0.7628
547.0,0.18625,0.0169,0.0349,0.76195
548.0,0.18575,0.0168,0.03535,0.7621
549.0,0.18725,0.01665,0.03455,0.76155
550.0,0.1873,0.0171,0.0335,0.7621
551.0,0.1863,0.01695,0.0338,0.76295
552.0,0.1869,0.01625,0.03345,0.7634
553.0,0.18695,0.0179,0.03275,0.7624
554.0,0.1873,0.0174,0.03255,0.76275
555.0,0.18755,0.0175,0.03165,0.7633
556.0,0.18735,0.0176,0.0328,0.76225
557.0,0.18775,0.01805,0.03225,0.76195
558.0,0.18815,0.0171,0.03355,0.7612
559.0,0.18815,0.0168,0.03365,0.7614
560.0,0.18925,0.0166,0.0331,0.76105
561.0,0.189,0.01635,0.0334,0.76125
562.0,0.1884,0.01645,0.0331,0.76205
563.0,0.1888,0.0164,0.03375,0.76105
564.0,0.18895,0.0165,0.03385,0.7607
565.0,0.18845,0.0165,0.03395,0.7611
566.0,0.1887,0.01615,0.034,0.76115
567.0,0.18775,0.01655,0.03375,0.76195
568.0,0.18765,0.0165,0.034,0.76185
569.0,0.18755,0.0184,0.03355,0.7605
570.0,0.18685,0.0185,0.0347,0.75995
571.0,0.1869,0.01885,0.03545,0.7588
572.0,0.1862,0.0188,0.03575,0.75925
573.0,0.1862,0.018,0.03545,0.76035
574.0,0.1857,0.01815,0.03665,0.7595
575.0,0.18535,0.0195,0.0366,0.75855
576.0,0.18545,0.0185,0.0364,0.75965
577.0,0.1851,0.01825,0.0361,0.76055
578.0,0.18295,0.02015,0.0364,0.7605
579.0,0.183,0.0194,0.0372,0.7604
580.0,0.18325,0.01925,0.0375,0.76
581.0,0.183,0.01835,0.0375,0.76115
582.0,0.18315,0.018,0.03725,0.7616
583.0,0.18295,0.01865,0.03695,0.76145
584.0,0.18335,0.0181,0.03645,0.7621
585.0,0.1839,0.0177,0.03645,0.76195
586.0,0.18455,0.0166,0.03745,0.7614
587.0,0.18355,0.01795,0.0369,0.7616
588.0,0.1836,0.01775,0.0373,0.76135
589.0,0.18365,0.01845,0.036,0.7619
590.0,0.184,0.01855,0.03655,0.7609
591.0,0.18445,0.0178,0.03675,0.761
592.0,0.18375,0.0175,0.037,0.76175
593.0,0.1839,0.01825,0.0358,0.76205
594.0,0.1836,0.01785,0.03645,0.7621
595.0,0.1831,0.0187,0.03635,0.76185
596.0,0.18265,0.01795,0.03675,0.76265
597.0,0.1836,0.0182,0.0359,0.7623
598.0,0.18385,0.01735,0.03585,0.76295
599.0,0.1838,0.0174,0.0356,0.7632
600.0,0.1834,0.0179,0.0359,0.7628
601.0,0.18425,0.0165,0.03495,0.7643
602.0,0.1845,0.0174,0.0348,0.7633
603.0,0.1846,0.01815,0.03385,0.7634
604.0,0.1842,0.01825,0.0335,0.76405
605.0,0.1853,0.0175,0.0338,0.7634
606.0,0.18455,0.0181,0.03405,0.7633
607.0,0.18385,0.0176,0.03465,0.7639
608.0,0.18285,0.01775,0.034,0.7654
609.0,0.1829,0.01695,0.0347,0.76545
610.0,0.18305,0.0163,0.0358,0.76485
611.0,0.18315,0.0164,0.036,0.76445
612.0,0.18365,0.0159,0.03555,0.7649
613.0,0.18175,0.01745,0.0353,0.7655
614.0,0.1817,0.01735,0.0357,0.76525
615.0,0.1827,0.01725,0.0353,0.76475
616.0,0.18445,0.01585,0.0371,0.7626
617.0,0.183,0.0171,0.0368,0.7631
618.0,0.1835,0.0179,0.0365,0.7621
619.0,0.1826,0.0188,0.03535,0.76325
620.0,0.184,0.0185,0.03565,0.76185
621.0,0.18465,0.0187,0.03605,0.7606
622.0,0.1851,0.0186,0.03745,0.75885
623.0,0.1861,0.0174,0.0371,0.7594
624.0,0.1855,0.0191,0.03675,0.75865
625.0,0.1842,0.01975,0.03705,0.759
626.0,0.1845,0.01935,0.03665,0.7595
627.0,0.18365,0.01895,0.03825,0.75915
628.0,0.1838,0.01935,0.03785,0.759
629.0,0.18285,0.0198,0.0377,0.75965
630.0,0.18295,0.0193,0.03815,0.7596
631.0,0.1818,0.01975,0.03775,0.7607
632.0,0.1815,0.01985,0.03845,0.7602
633.0,0.18155,0.01945,0.0387,0.7603
634.0,0.1802,0.01995,0.03835,0.7615
635.0,0.17975,0.02015,0.03795,0.76215
636.0,0.17985,0.01945,0.03775,0.76295
637.0,0.18015,0.0192,0.03795,0.7627
638.0,0.17845,0.0204,0.03705,0.7641
639.0,0.1772,0.0203,0.03745,0.76505
640.0,0.1772,0.01935,0.03845,0.765
641.0,0.17695,0.0187,0.039,0.76535
642.0,0.17725,0.0179,0.03855,0.7663
643.0,0.17825,0.0176,0.03805,0.7661
644.0,0.1774,0.01715,0.03705,0.7684
645.0,0.17725,0.01695,0.0369,0.7689
646.0,0.1779,0.01665,0.0361,0.76935
647.0,0.17695,0.0168,0.03645,0.7698
648.0,0.1775,0.0165,0.03575,0.77025
649.0,0.17705,0.0177,0.0357,0.76955
650.0,0.1761,0.01675,0.03575,0.7714
651.0,0.17635,0.0167,0.0361,0.77085
652.0,0.1763,0.01725,0.03585,0.7706
653.0,0.17585,0.0171,0.03635,0.7707
654.0,0.17575,0.01655,0.03675,0.77095
655.0,0.1765,0.01655,0.0366,0.77035
656.0,0.17585,0.017,0.03585,0.7713
657.0,0.17635,0.01705,0.0362,0.7704
658.0,0.17695,0.01675,0.03505,0.77125
659.0,0.1779,0.0167,0.03515,0.77025
660.0,0.1781,0.01685,0.0342,0.77085
661.0,0.17835,0.0174,0.0336,0.77065
662.0,0.17875,0.01625,0.0356,0.7694
663.0,0.17895,0.01685,0.0355,0.7687
664.0,0.17915,0.01665,0.03585,0.76835
665.0,0.1806,0.01585,0.0354,0.76815
666.0,0.1805,0.0161,0.0342,0.7692
667.0,0.1815,0.0164,0.0329,0.7692
668.0,0.1824,0.01535,0.03335,0.7689
669.0,0.18285,0.0158,0.03305,0.7683
670.0,0.18245,0.01665,0.03245,0.76845
671.0,0.1837,0.0156,0.03385,0.76685
672.0,0.18365,0.0163,0.03295,0.7671
673.0,0.1831,0.01665,0.03325,0.767
674.0,0.18295,0.01615,0.03525,0.76565
675.0,0.18355,0.01645,0.0349,0.7651
676.0,0.18385,0.01645,0.0344,0.7653
677.0,0.18455,0.01695,0.0347,0.7638
678.0,0.1841,0.01755,0.03495,0.7634
679.0,0.1845,0.0176,0.03445,0.76345
680.0,0.18505,0.01665,0.03485,0.76345
681.0,0.18555,0.0167,0.03435,0.7634
682.0,0.1855,0.01705,0.03445,0.763
683.0,0.18515,0.01775,0.0345,0.7626
684.0,0.185,0.0176,0.0349,0.7625
685.0,0.18455,0.0177,0.0351,0.76265
686.0,0.18445,0.0173,0.03525,0.763
687.0,0.18415,0.0168,0.03555,0.7635
688.0,0.18405,0.0164,0.035,0.76455
689.0,0.18315,0.0163,0.03505,0.7655
690.0,0.18335,0.01655,0.03535,0.76475
691.0,0.183,0.0169,0.0356,0.7645
692.0,0.1823,0.01735,0.03525,0.7651
693.0,0.182,0.01775,0.03555,0.7647
694.0,0.181,0.0167,0.0368,0.7655
695.0,0.1808,0.01745,0.03485,0.7669
696.0,0.1801,0.0186,0.0337,0.7676
697.0,0.17905,0.0192,0.03445,0.7673
698.0,0.1794,0.0189,0.03495,0.76675
699.0,0.1801,0.0183,0.0355,0.7661
700.0,0.1802,0.01765,0.0354,0.76675
701.0,0.18025,0.0169,0.0361,0.76675
702.0,0.1819,0.0157,0.03655,0.76585
703.0,0.182,0.0163,0.03535,0.76635
704.0,0.18205,0.01765,0.035,0.7653
705.0,0.1814,0.01785,0.0347,0.76605
706.0,0.1805,0.01855,0.0345,0.76645
707.0,0.1809,0.0173,0.03505,0.76675
708.0,0.18135,0.0173,0.03435,0.767
709.0,0.18175,0.0162,0.035,0.76705
710.0,0.1825,0.01605,0.0349,0.76655
711.0,0.18205,0.01625,0.03485,0.76685
712.0,0.183,0.01655,0.03395,0.7665
713.0,0.18265,0.01735,0.03385,0.76615
714.0,0.1828,0.0171,0.03375,0.76635
715.0,0.1833,0.01765,0.034,0.76505
716.0,0.18355,0.0178,0.03425,0.7644
717.0,0.185,0.01745,0.03355,0.764
718.0,0.18625,0.0167,0.0341,0.76295
719.0,0.187,0.0163,0.03515,0.76155
720.0,0.18675,0.0166,0.0364,0.76025
721.0,0.1853,0.01775,0.03465,0.7623
722.0,0.1851,0.01835,0.0341,0.76245
723.0,0.18305,0.0194,0.0346,0.76295
724.0,0.1824,0.01905,0.03445,0.7641
725.0,0.18175,0.01885,0.0351,0.7643
726.0,0.1826,0.0184,0.03615,0.76285
727.0,0.18285,0.01765,0.0358,0.7637
728.0,0.18275,0.01755,0.03565,0.76405
729.0,0.18225,0.0179,0.03545,0.7644
730.0,0.1822,0.01755,0.03525,0.765
