time,propSusceptible,propExposed,propInfected,propRecovered
0.0,0.9,0.0,0.1,0.0
1.0,0.84205,0.05795,0.06485,0.03515
2.0,0.79705,0.0848,0.0749,0.04325
3.0,0.74595,0.1119,0.0886,0.05355
4.0,0.6927,0.1335,0.10865,0.06515
5.0,0.63055,0.15915,0.1315,0.0788
6.0,0.56175,0.18465,0.15715,0.09645
7.0,0.49485,0.1991,0.1877,0.11835
8.0,0.41945,0.2188,0.2196,0.14215
9.0,0.3478,0.23315,0.2482,0.17085
10.0,0.2818,0.2341,0.28205,0.20205
11.0,0.22405,0.2242,0.3118,0.23995
12.0,0.1741,0.2135,0.33,0.2824
13.0,0.1349,0.1941,0.34475,0.32625
14.0,0.1039,0.171,0.35115,0.37395
15.0,0.0792,0.14895,0.3526,0.41925
16.0,0.06125,0.1255,0.3487,0.46455
17.0,0.0493,0.1015,0.3394,0.5098
18.0,0.03955,0.0825,0.3243,0.55365
19.0,0.0324,0.0689,0.30475,0.59395
20.0,0.0275,0.05615,0.28445,0.6319
21.0,0.02425,0.04525,0.26065,0.66985
22.0,0.0232,0.0359,0.23955,0.70135
23.0,0.02255,0.0289,0.2183,0.73025
24.0,0.0217,0.0239,0.19645,0.75795
25.0,0.02165,0.0202,0.17685,0.7813
26.0,0.02235,0.0161,0.158,0.80355
27.0,0.0229,0.013,0.1428,0.8213
28.0,0.0237,0.01115,0.12905,0.8361
29.0,0.02545,0.00955,0.11615,0.84885
30.0,0.0266,0.0086,0.1033,0.8615
31.0,0.028,0.0076,0.09165,0.87275
32.0,0.0292,0.0072,0.0814,0.8822
33.0,0.03045,0.00625,0.07235,0.89095
34.0,0.03175,0.00635,0.06395,0.89795
35.0,0.0339,0.0064,0.05725,0.90245
36.0,0.0366,0.0056,0.05265,0.90515
37.0,0.0385,0.00525,0.0469,0.90935
38.0,0.0414,0.005,0.04125,0.91235
39.0,0.04395,0.00435,0.03615,0.91555
40.0,0.0464,0.0041,0.03095,0.91855
41.0,0.04835,0.00395,0.02795,0.91975
42.0,0.05075,0.00325,0.02525,0.92075
43.0,0.05355,0.00295,0.0231,0.9204
44.0,0.05585,0.003,0.0202,0.92095
45.0,0.05935,0.0026,0.01795,0.9201
46.0,0.0627,0.00225,0.0159,0.91915
47.0,0.065,0.0023,0.01455,0.91815
48.0,0.0679,0.00225,0.01345,0.9164
49.0,0.07075,0.00215,0.0121,0.915
50.0,0.07385,0.002,0.011,0.91315
51.0,0.07675,0.0018,0.00995,0.9115
52.0,0.0791,0.00225,0.00855,0.9101
53.0,0.0818,0.0021,0.00795,0.90815
54.0,0.0841,0.002,0.00725,0.90665
55.0,0.08625,0.00185,0.00675,0.90515
56.0,0.0889,0.0018,0.0057,0.9036
57.0,0.0918,0.0017,0.0054,0.9011
58.0,0.0951,0.0016,0.0047,0.8986
59.0,0.09765,0.00145,0.00435,0.89655
60.0,0.10015,0.00125,0.0043,0.8943
61.0,0.10295,0.00115,0.004,0.8919
62.0,0.106,0.00115,0.0037,0.88915
63.0,0.108,0.0013,0.00345,0.88725
64.0,0.11025,0.00145,0.0031,0.8852
65.0,0.11295,0.0011,0.0033,0.88265
66.0,0.11535,0.00145,0.0034,0.8798
67.0,0.11795,0.0014,0.00335,0.8773
68.0,0.1209,0.00135,0.00315,0.8746
69.0,0.12325,0.00145,0.0031,0.8722
70.0,0.12615,0.0016,0.00295,0.8693
71.0,0.12945,0.00115,0.00315,0.86625
72.0,0.13185,0.00085,0.00325,0.86405
73.0,0.1349,0.0008,0.0033,0.861
74.0,0.1375,0.0008,0.00315,0.85855
75.0,0.13975,0.00095,0.00295,0.85635
76.0,0.14195,0.0013,0.00265,0.8541
77.0,0.1446,0.00125,0.0027,0.85145
78.0,0.14725,0.0012,0.0026,0.84895
79.0,0.1491,0.0012,0.0025,0.8472
80.0,0.1517,0.00095,0.0025,0.84485
81.0,0.1536,0.00105,0.00265,0.8427
82.0,0.1557,0.0012,0.00275,0.84035
83.0,0.15775,0.00125,0.00275,0.83825
84.0,0.1598,0.00145,0.00265,0.8361
85.0,0.1621,0.00135,0.0024,0.83415
86.0,0.1648,0.00125,0.00265,0.8313
87.0,0.1664,0.0017,0.00245,0.82945
88.0,0.1686,0.0015,0.0028,0.8271
89.0,0.17125,0.00185,0.00255,0.82435
90.0,0.1728,0.0017,0.0026,0.8229
91.0,0.1756,0.00155,0.00275,0.8201
92.0,0.1778,0.0014,0.00295,0.81785
93.0,0.18005,0.0015,0.0027,0.81575
94.0,0.1824,0.00135,0.00275,0.8135
95.0,0.18375,0.0012,0.003,0.81205
96.0,0.18545,0.0013,0.00315,0.8101
97.0,0.18735,0.00155,0.00295,0.80815
98.0,0.1895,0.0018,0.00285,0.80585
99.0,0.192,0.0017,0.00265,0.80365
100.0,0.19465,0.00165,0.00285,0.80085
101.0,0.1961,0.00165,0.0031,0.79915
102.0,0.1981,0.0017,0.0032,0.797
103.0,0.2001,0.00175,0.0033,0.79485
104.0,0.2016,0.00175,0.0035,0.79315
105.0,0.20315,0.00205,0.00355,0.79125
106.0,0.205,0.00175,0.00365,0.7896
107.0,0.20655,0.00185,0.00345,0.78815
108.0,0.20865,0.0015,0.00345,0.7864
109.0,0.21045,0.0016,0.0035,0.78445
110.0,0.21225,0.0018,0.00345,0.7825
111.0,0.21435,0.0018,0.00355,0.7803
112.0,0.21645,0.0017,0.0035,0.77835
113.0,0.2182,0.0021,0.0034,0.7763
114.0,0.2196,0.002,0.00335,0.77505
115.0,0.2216,0.00185,0.00355,0.773
116.0,0.22345,0.0019,0.00345,0.7712
117.0,0.22535,0.00215,0.00305,0.76945
118.0,0.2271,0.00205,0.00345,0.7674
119.0,0.22925,0.002,0.00355,0.7652
120.0,0.2315,0.00155,0.0037,0.76325
121.0,0.2334,0.0015,0.00385,0.76125
122.0,0.23495,0.00195,0.0037,0.7594
123.0,0.23635,0.0022,0.0041,0.75735
124.0,0.23805,0.00245,0.0041,0.7554
125.0,0.2393,0.00235,0.0043,0.75405
126.0,0.2409,0.0018,0.0047,0.7526
127.0,0.24235,0.002,0.0043,0.75135
128.0,0.2438,0.00215,0.0039,0.75015
129.0,0.245,0.00245,0.0042,0.74835
130.0,0.2469,0.00215,0.0046,0.74635
131.0,0.24845,0.0024,0.004,0.74515
132.0,0.24995,0.0029,0.00375,0.7434
133.0,0.25175,0.0029,0.00355,0.7418
134.0,0.2526,0.0029,0.0041,0.7404
135.0,0.25385,0.0027,0.0045,0.73895
136.0,0.25475,0.00325,0.0047,0.7373
137.0,0.2567,0.00355,0.0047,0.73505
138.0,0.2581,0.00345,0.00495,0.7335
139.0,0.25845,0.00375,0.0056,0.7322
140.0,0.2601,0.0033,0.0062,0.7304
141.0,0.2618,0.00365,0.00595,0.7286
142.0,0.2629,0.00345,0.00585,0.7278
143.0,0.26385,0.0034,0.0063,0.72645
144.0,0.2645,0.00375,0.0062,0.72555
145.0,0.2656,0.0036,0.0061,0.7247
146.0,0.26565,0.00395,0.0066,0.7238
147.0,0.2668,0.00385,0.007,0.72235
148.0,0.26705,0.0045,0.0071,0.72135
149.0,0.26765,0.0052,0.00715,0.72
150.0,0.2685,0.00565,0.00745,0.7184
151.0,0.26975,0.00485,0.0083,0.7171
152.0,0.27015,0.00465,0.0091,0.7161
153.0,0.26975,0.00605,0.00875,0.71545
154.0,0.27025,0.00585,0.00945,0.71445
155.0,0.2703,0.0062,0.01,0.7135
156.0,0.27025,0.006,0.0105,0.71325
157.0,0.2701,0.0063,0.01095,0.71265
158.0,0.27005,0.0065,0.0112,0.71225
159.0,0.27045,0.00665,0.0121,0.7108
160.0,0.2707,0.0069,0.0126,0.7098
161.0,0.26945,0.0085,0.0126,0.70945
162.0,0.26935,0.00885,0.01305,0.70875
163.0,0.26815,0.00985,0.0137,0.7083
164.0,0.2667,0.0101,0.0153,0.7079
165.0,0.26505,0.011,0.0165,0.70745
166.0,0.2648,0.01055,0.0176,0.70705
167.0,0.26235,0.01205,0.01815,0.70745
168.0,0.26085,0.0124,0.01955,0.7072
169.0,0.26045,0.0128,0.0204,0.70635
170.0,0.25875,0.01335,0.02145,0.70645
171.0,0.25675,0.0144,0.0225,0.70635
172.0,0.2548,0.0153,0.0233,0.7066
173.0,0.252,0.0156,0.02505,0.70735
174.0,0.24985,0.01595,0.02605,0.70815
175.0,0.2477,0.0158,0.02755,0.70895
176.0,0.2445,0.0167,0.0283,0.7105
177.0,0.24205,0.01625,0.02945,0.71225
178.0,0.23955,0.0169,0.02935,0.7142
179.0,0.23675,0.0183,0.02985,0.7151
180.0,0.2349,0.01925,0.02985,0.716
181.0,0.2321,0.01965,0.0322,0.71605
182.0,0.2289,0.0196,0.03345,0.71805
183.0,0.22575,0.02015,0.03355,0.72055
184.0,0.2228,0.0192,0.03505,0.72295
185.0,0.2185,0.0204,0.0356,0.7255
186.0,0.21525,0.02065,0.03705,0.72705
187.0,0.2124,0.02065,0.0377,0.72925
188.0,0.21005,0.0193,0.03895,0.7317
189.0,0.2064,0.02075,0.0388,0.73405
190.0,0.2042,0.0203,0.0396,0.7359
191.0,0.20085,0.0212,0.03925,0.7387
192.0,0.19825,0.0212,0.03935,0.7412
193.0,0.19515,0.02075,0.04015,0.74395
194.0,0.19235,0.0207,0.0406,0.74635
195.0,0.19005,0.02105,0.0393,0.7496
196.0,0.1876,0.02075,0.0402,0.75145
197.0,0.18495,0.02075,0.04015,0.75415
198.0,0.18225,0.0216,0.03975,0.7564
199.0,0.17965,0.0202,0.04125,0.7589
200.0,0.177,0.02005,0.0415,0.76145
201.0,0.17385,0.0206,0.04225,0.7633
202.0,0.1718,0.0213,0.0412,0.7657
203.0,0.16975,0.0207,0.0411,0.76845
204.0,0.1691,0.0195,0.0411,0.7703
205.0,0.16755,0.0192,0.0411,0.77215
206.0,0.16525,0.0198,0.03985,0.7751
207.0,0.16395,0.01905,0.03945,0.77755
208.0,0.16135,0.01855,0.03995,0.78015
209.0,0.16025,0.0185,0.03865,0.7826
210.0,0.159,0.01755,0.039,0.78445
211.0,0.15855,0.01785,0.03765,0.78595
212.0,0.15795,0.01765,0.0375,0.7869
213.0,0.15735,0.01685,0.0374,0.7884
214.0,0.1564,0.0169,0.0377,0.789
215.0,0.15605,0.01605,0.0384,0.7895
216.0,0.15495,0.01585,0.0383,0.7909
217.0,0.15415,0.01595,0.03775,0.79215
218.0,0.15335,0.0159,0.0369,0.79385
219.0,0.1526,0.01515,0.03685,0.7954
220.0,0.15215,0.01665,0.03485,0.79635
221.0,0.1528,0.01575,0.03455,0.7969
222.0,0.15115,0.01675,0.03405,0.79805
223.0,0.15225,0.0158,0.03395,0.798
224.0,0.15285,0.01515,0.0333,0.7987
225.0,0.15265,0.0148,0.03315,0.7994
226.0,0.15385,0.0144,0.03275,0.799
227.0,0.15345,0.0138,0.03235,0.8004
228.0,0.155,0.01275,0.03165,0.8006
229.0,0.1556,0.0127,0.0314,0.8003
230.0,0.15665,0.0128,0.03015,0.8004
231.0,0.1571,0.0123,0.03025,0.80035
232.0,0.15605,0.01345,0.029,0.8015
233.0,0.1568,0.0127,0.0285,0.802
234.0,0.15795,0.01135,0.02835,0.80235
235.0,0.1584,0.01135,0.02835,0.8019
236.0,0.15925,0.01205,0.0274,0.8013
237.0,0.16005,0.01195,0.0266,0.8014
238.0,0.15965,0.01315,0.02645,0.80075
239.0,0.16015,0.01255,0.02695,0.80035
240.0,0.1607,0.013,0.0269,0.7994
241.0,0.16155,0.0119,0.0277,0.79885
242.0,0.16205,0.01165,0.02755,0.79875
243.0,0.1621,0.012,0.027,0.7989
244.0,0.1622,0.01305,0.0262,0.79855
245.0,0.16345,0.01245,0.02615,0.79795
246.0,0.16395,0.01295,0.0253,0.7978
247.0,0.1647,0.01245,0.02595,0.7969
248.0,0.16615,0.01205,0.0252,0.7966
249.0,0.16695,0.01175,0.02515,0.79615
250.0,0.1687,0.01185,0.02445,0.795
251.0,0.1699,0.01155,0.0246,0.79395
252.0,0.17165,0.0111,0.02475,0.7925
253.0,0.1733,0.0108,0.02475,0.79115
254.0,0.17435,0.01145,0.0241,0.7901
255.0,0.17635,0.0115,0.0236,0.78855
256.0,0.17835,0.01085,0.02375,0.78705
257.0,0.1789,0.0111,0.024,0.786
258.0,0.1793,0.01135,0.0244,0.78495
259.0,0.18095,0.01095,0.02455,0.78355
260.0,0.1831,0.0101,0.0236,0.7832
261.0,0.1841,0.01105,0.0234,0.78145
262.0,0.1859,0.01005,0.0234,0.78065
263.0,0.18795,0.0102,0.02265,0.7792
264.0,0.18945,0.01035,0.02155,0.77865
265.0,0.1904,0.01005,0.02235,0.7772
266.0,0.1921,0.0092,0.0221,0.7766
267.0,0.1946,0.0098,0.02095,0.77465
268.0,0.197,0.00895,0.0205,0.77355
269.0,0.19855,0.0091,0.02005,0.7723
270.0,0.1991,0.0101,0.01995,0.77085
271.0,0.201,0.01,0.01945,0.76955
272.0,0.2019,0.01065,0.0194,0.76805
273.0,0.2039,0.0093,0.0205,0.7663
274.0,0.20565,0.0097,0.02065,0.764
275.0,0.20675,0.0099,0.02055,0.7628
276.0,0.20825,0.01,0.02075,0.761
277.0,0.2088,0.0111,0.0205,0.7596
278.0,0.2102,0.01075,0.02125,0.7578
279.0,0.2118,0.0112,0.0207,0.7563
280.0,0.2126,0.0111,0.021,0.7553
281.0,0.2133,0.0117,0.0218,0.7532
282.0,0.2139,0.01165,0.0219,0.75255
283.0,0.2151,0.0126,0.0218,0.7505
284.0,0.2151,0.01335,0.02215,0.7494
285.0,0.2162,0.01375,0.02245,0.7476
286.0,0.21645,0.01385,0.02385,0.74585
287.0,0.21725,0.0126,0.02445,0.7457
288.0,0.21675,0.01425,0.02395,0.74505
289.0,0.2168,0.0152,0.02485,0.74315
290.0,0.21655,0.015,0.02605,0.7424
291.0,0.21515,0.01555,0.0264,0.7429
292.0,0.21515,0.01615,0.0266,0.7421
293.0,0.2153,0.0165,0.027,0.7412
294.0,0.2153,0.0171,0.0273,0.7403
295.0,0.21465,0.01705,0.02795,0.74035
296.0,0.2145,0.0172,0.0284,0.7399
297.0,0.2136,0.01685,0.0295,0.74005
298.0,0.2133,0.01665,0.02985,0.7402
299.0,0.2116,0.01795,0.02995,0.7405
300.0,0.21035,0.0182,0.0316,0.73985
301.0,0.2096,0.0178,0.0328,0.7398
302.0,0.20935,0.0175,0.0331,0.74005
303.0,0.2083,0.0178,0.0341,0.7398
304.0,0.20675,0.0188,0.03405,0.7404
305.0,0.2059,0.01795,0.0351,0.74105
306.0,0.2052,0.01875,0.0358,0.74025
307.0,0.20365,0.01805,0.0377,0.7406
308.0,0.20115,0.0201,0.03715,0.7416
309.0,0.19885,0.0213,0.03795,0.7419
310.0,0.1981,0.02115,0.03845,0.7423
311.0,0.19635,0.02075,0.03995,0.74295
312.0,0.19545,0.0197,0.04065,0.7442
313.0,0.1942,0.01935,0.0409,0.74555
314.0,0.1923,0.0209,0.0394,0.7474
315.0,0.19115,0.0204,0.0401,0.74835
316.0,0.18995,0.02085,0.04135,0.74785
317.0,0.18925,0.02075,0.04095,0.74905
318.0,0.1864,0.0217,0.04195,0.74995
319.0,0.18385,0.02285,0.0417,0.7516
320.0,0.18255,0.02315,0.04195,0.75235
321.0,0.18145,0.02265,0.0433,0.7526
322.0,0.18025,0.02165,0.0445,0.7536
323.0,0.18005,0.02115,0.04515,0.75365
324.0,0.1781,0.02235,0.04475,0.7548
325.0,0.1774,0.0222,0.0449,0.7555
326.0,0.1756,0.023,0.0441,0.7573
327.0,0.17475,0.0236,0.0429,0.75875
328.0,0.17375,0.0222,0.04415,0.7599
329.0,0.1726,0.02165,0.0441,0.76165
330.0,0.1717,0.0211,0.04415,0.76305
331.0,0.1707,0.0212,0.0442,0.7639
332.0,0.16925,0.02125,0.0446,0.7649
333.0,0.16775,0.0217,0.044,0.76655
334.0,0.16665,0.02195,0.0441,0.7673
335.0,0.1657,0.02115,0.04335,0.7698
336.0,0.1658,0.0197,0.04435,0.77015
337.0,0.1659,0.01975,0.04465,0.7697
338.0,0.16445,0.02015,0.0437,0.7717
339.0,0.16415,0.01915,0.04315,0.77355
340.0,0.16515,0.0182,0.04275,0.7739
341.0,0.165,0.0183,0.04305,0.77365
342.0,0.1652,0.01765,0.0428,0.77435
343.0,0.16415,0.018,0.0422,0.77565
344.0,0.1632,0.01835,0.04115,0.7773
345.0,0.16305,0.0187,0.04,0.77825
346.0,0.1628,0.01805,0.0396,0.77955
347.0,0.16285,0.0175,0.0395,0.78015
348.0,0.1637,0.0173,0.03925,0.77975
349.0,0.16355,0.0172,0.03865,0.7806
350.0,0.1637,0.0171,0.03895,0.78025
351.0,0.16305,0.01775,0.0382,0.781
352.0,0.16425,0.01755,0.03775,0.78045
353.0,0.1644,0.0176,0.037,0.781
354.0,0.16495,0.01765,0.0358,0.7816
355.0,0.1663,0.0167,0.03645,0.78055
356.0,0.16825,0.0153,0.0362,0.78025
357.0,0.16845,0.0156,0.0354,0.78055
358.0,0.16935,0.01505,0.03525,0.78035
359.0,0.17085,0.0165,0.0332,0.77945
360.0,0.1721,0.01625,0.03295,0.7787
361.0,0.17275,0.01565,0.0331,0.7785
362.0,0.17315,0.0157,0.03275,0.7784
363.0,0.17225,0.01565,0.0331,0.779
364.0,0.1733,0.0164,0.0321,0.7782
365.0,0.17555,0.015,0.0319,0.77755
366.0,0.17655,0.0146,0.0326,0.77625
367.0,0.17665,0.01465,0.03235,0.77635
368.0,0.1772,0.01425,0.0324,0.77615
369.0,0.17825,0.0139,0.03305,0.7748
370.0,0.17845,0.0141,0.03355,0.7739
371.0,0.17945,0.0149,0.0325,0.77315
372.0,0.17915,0.01545,0.03155,0.77385
373.0,0.18035,0.01495,0.0322,0.7725
374.0,0.1807,0.01535,0.0319,0.77205
375.0,0.1822,0.01435,0.032,0.77145
376.0,0.18325,0.01455,0.0307,0.7715
377.0,0.1839,0.0154,0.0302,0.7705
378.0,0.1854,0.0152,0.02985,0.76955
379.0,0.1865,0.0148,0.03025,0.76845
380.0,0.18775,0.0141,0.03055,0.7676
381.0,0.1873,0.0145,0.03105,0.76715
382.0,0.18815,0.0148,0.03065,0.7664
383.0,0.18865,0.0151,0.02995,0.7663
384.0,0.1889,0.0159,0.0301,0.7651
385.0,0.1895,0.0156,0.03125,0.76365
386.0,0.1885,0.01685,0.0307,0.76395
387.0,0.18895,0.0165,0.03085,0.7637
388.0,0.18875,0.01695,0.03085,0.76345
389.0,0.18895,0.0164,0.0319,0.76275
390.0,0.18835,0.01785,0.03115,0.76265
391.0,0.189,0.01805,0.0307,0.76225
392.0,0.19095,0.01745,0.0314,0.7602
393.0,0.1912,0.01735,0.0312,0.76025
394.0,0.1905,0.017,0.0315,0.761
395.0,0.1903,0.01755,0.03105,0.7611
396.0,0.1908,0.0173,0.0316,0.7603
397.0,0.19115,0.01625,0.0334,0.7592
398.0,0.19095,0.0169,0.0331,0.75905
399.0,0.1907,0.0174,0.0343,0.7576
400.0,0.19045,0.01755,0.0349,0.7571
401.0,0.1915,0.0168,0.0356,0.7561
402.0,0.19205,0.0175,0.0354,0.75505
403.0,0.19275,0.0173,0.0353,0.75465
404.0,0.19275,0.01695,0.03595,0.75435
405.0,0.1921,0.01755,0.0368,0.75355
406.0,0.1905,0.01795,0.03745,0.7541
407.0,0.1895,0.0186,0.03735,0.75455
408.0,0.1886,0.01885,0.03765,0.7549
409.0,0.1875,0.0193,0.0376,0.7556
410.0,0.18685,0.0198,0.03765,0.7557
411.0,0.18605,0.0192,0.03765,0.7571
412.0,0.18475,0.01975,0.03785,0.75765
413.0,0.184,0.01905,0.03725,0.7597
414.0,0.18305,0.01985,0.0373,0.7598
415.0,0.1824,0.0195,0.0368,0.7613
416.0,0.18245,0.01975,0.0364,0.7614
417.0,0.18255,0.01915,0.03735,0.76095
418.0,0.1818,0.0199,0.0377,0.7606
419.0,0.1811,0.01955,0.0377,0.76165
420.0,0.18095,0.01815,0.03775,0.76315
421.0,0.1795,0.0195,0.037,0.764
422.0,0.1806,0.0181,0.0373,0.764
423.0,0.1801,0.0183,0.0366,0.765
424.0,0.1793,0.0176,0.0367,0.7664
425.0,0.17905,0.0168,0.03745,0.7667
426.0,0.17945,0.0166,0.0376,0.76635
427.0,0.17845,0.01725,0.0381,0.7662
428.0,0.17875,0.0171,0.03825,0.7659
429.0,0.1781,0.0181,0.03695,0.76685
430.0,0.1775,0.0176,0.0375,0.7674
431.0,0.1762,0.01825,0.0368,0.76875
432.0,0.1762,0.01695,0.0367,0.77015
433.0,0.17605,0.0167,0.03625,0.771
434.0,0.1767,0.0161,0.03755,0.76965
435.0,0.1765,0.0159,0.03725,0.77035
436.0,0.17445,0.0176,0.03685,0.7711
437.0,0.1733,0.01775,0.038,0.77095
438.0,0.17285,0.0184,0.0366,0.77215
439.0,0.1719,0.0189,0.03685,0.77235
440.0,0.1718,0.0181,0.0368,0.7733
441.0,0.17315,0.01795,0.03675,0.77215
442.0,0.17115,0.01775,0.03795,0.77315
443.0,0.17025,0.01845,0.0382,0.7731
444.0,0.1702,0.0187,0.03785,0.77325
445.0,0.17135,0.01765,0.03755,0.77345
446.0,0.1708,0.01815,0.03635,0.7747
447.0,0.1719,0.017,0.03565,0.77545
448.0,0.1723,0.0172,0.03445,0.77605
449.0,0.1714,0.01685,0.03505,0.7767
450.0,0.17165,0.01705,0.0353,0.776
451.0,0.17195,0.01665,0.0359,0.7755
452.0,0.1712,0.01755,0.03575,0.7755
453.0,0.17085,0.0176,0.03505,0.7765
454.0,0.17195,0.01685,0.0358,0.7754
455.0,0.17165,0.01735,0.03515,0.77585
456.0,0.1727,0.0164,0.0344,0.7765
457.0,0.17405,0.0157,0.0345,0.77575
458.0,0.1748,0.01545,0.03435,0.7754
459.0,0.17465,0.01645,0.034,0.7749
460.0,0.1752,0.0155,0.03425,0.77505
461.0,0.17625,0.0152,0.0339,0.77465
462.0,0.17625,0.0156,0.03345,0.7747
463.0,0.17715,0.01505,0.03515,0.77265
464.0,0.1773,0.0158,0.03415,0.77275
465.0,0.17755,0.016,0.0348,0.77165
466.0,0.1788,0.0155,0.0347,0.771
467.0,0.1789,0.0161,0.0343,0.7707
468.0,0.1778,0.0174,0.03475,0.77005
469.0,0.1789,0.0173,0.03475,0.76905
470.0,0.18005,0.01665,0.0356,0.7677
471.0,0.1797,0.01615,0.0362,0.76795
472.0,0.18,0.01575,0.0349,0.76935
473.0,0.17995,0.0168,0.03355,0.7697
474.0,0.1808,0.0159,0.0339,0.7694
475.0,0.18195,0.0158,0.0337,0.76855
476.0,0.1816,0.01705,0.03275,0.7686
477.0,0.1809,0.0174,0.03255,0.76915
478.0,0.1802,0.0178,0.0332,0.7688
479.0,0.1804,0.01765,0.03355,0.7684
480.0,0.18115,0.0174,0.034,0.76745
481.0,0.18135,0.017,0.03425,0.7674
482.0,0.1814,0.01715,0.03375,0.7677
483.0,0.18065,0.01695,0.03415,0.76825
484.0,0.18055,0.0165,0.0339,0.76905
485.0,0.1804,0.01685,0.0339,0.76885
486.0,0.1811,0.0167,0.03405,0.76815
487.0,0.1808,0.01635,0.03365,0.7692
488.0,0.18095,0.01655,0.03325,0.76925
489.0,0.18085,0.01625,0.03395,0.76895
490.0,0.18115,0.0158,0.03345,0.7696
491.0,0.181,0.0157,0.0332,0.7701
492.0,0.18155,0.01605,0.0334,0.769
493.0,0.18245,0.01455,0.0342,0.7688
494.0,0.1829,0.0155,0.03235,0.76925
495.0,0.18315,0.01605,0.0322,0.7686
496.0,0.1843,0.01615,0.03155,0.768
497.0,0.1857,0.01545,0.03205,0.7668
498.0,0.18595,0.015,0.03165,0.7674
499.0,0.18595,0.01605,0.0315,0.7665
500.0,0.1862,0.01565,0.0319,0.76625
501.0,0.18655,0.0158,0.03205,0.7656
502.0,0.18655,0.01505,0.0328,0.7656
503.0,0.1855,0.01635,0.03185,0.7663
504.0,0.1855,0.01635,0.03165,0.7665
505.0,0.18515,0.0165,0.0322,0.76615
506.0,0.185,0.0169,0.03205,0.76605
507.0,0.1846,0.01755,0.0316,0.76625
508.0,0.18415,0.01695,0.03155,0.76735
509.0,0.1846,0.0165,0.03205,0.76685
510.0,0.1849,0.0162,0.0325,0.7664
511.0,0.18565,0.0165,0.03135,0.7665
512.0,0.18575,0.0162,0.0327,0.76535
513.0,0.1863,0.0161,0.03275,0.76485
514.0,0.1859,0.01685,0.03245,0.7648
515.0,0.18685,0.01595,0.03255,0.76465
516.0,0.18675,0.01585,0.03235,0.76505
517.0,0.18575,0.01635,0.0333,0.7646
518.0,0.18615,0.016,0.03445,0.7634
519.0,0.1863,0.0168,0.034,0.7629
520.0,0.18655,0.01585,0.03385,0.76375
521.0,0.1875,0.01645,0.03405,0.762
522.0,0.187,0.01625,0.03485,0.7619
523.0,0.187,0.0162,0.0345,0.7623
524.0,0.18605,0.01725,0.0342,0.7625
525.0,0.1856,0.01645,0.0351,0.76285
526.0,0.18475,0.01645,0.0348,0.764
527.0,0.18365,0.0167,0.0352,0.76445
528.0,0.1828,0.0174,0.0355,0.7643
529.0,0.1818,0.0187,0.03475,0.76475
530.0,0.182,0.01835,0.03605,0.7636
531.0,0.18205,0.0178,0.0352,0.76495
532.0,0.1817,0.01785,0.0358,0.76465
533.0,0.1804,0.01825,0.0368,0.76455
534.0,0.18045,0.0179,0.0376,0.76405
535.0,0.1803,0.01805,0.03755,0.7641
536.0,0.1792,0.0195,0.0368,0.7645
537.0,0.1802,0.0185,0.03735,0.76395
538.0,0.17915,0.01855,0.0387,0.7636
539.0,0.1788,0.01795,0.03995,0.7633
540.0,0.1789,0.0176,0.0396,0.7639
541.0,0.1782,0.0182,0.04075,0.76285
542.0,0.177,0.01845,0.04075,0.7638
543.0,0.1762,0.0193,0.04085,0.76365
544.0,0.17525,0.0191,0.0407,0.76495
545.0,0.1748,0.0184,0.04035,0.76645
546.0,0.1751,0.01795,0.04065,0.7663
547.0,0.1743,0.0182,0.0406,0.7669
548.0,0.17385,0.01835,0.0398,0.768
549.0,0.17395,0.01845,0.04045,0.76715
550.0,0.173,0.0192,0.04005,0.76775
551.0,0.1731,0.01895,0.03985,0.7681
552.0,0.17385,0.01825,0.0401,0.7678
553.0,0.17335,0.0185,0.03865,0.7695
554.0,0.172,0.0192,0.0394,0.7694
555.0,0.1718,0.01955,0.03985,0.7688
556.0,0.1707,0.01835,0.04185,0.7691
557.0,0.17085,0.0197,0.04055,0.7689
558.0,0.17185,0.01905,0.04085,0.76825
559.0,0.17245,0.01825,0.0407,0.7686
560.0,0.17275,0.01775,0.0404,0.7691
561.0,0.1723,0.0186,0.03915,0.76995
562.0,0.17205,0.01805,0.0392,0.7707
563.0,0.1725,0.01765,0.0389,0.77095
564.0,0.17245,0.01675,0.0384,0.7724
565.0,0.173,0.01545,0.03885,0.7727
566.0,0.17355,0.0153,0.03815,0.773
567.0,0.1736,0.0163,0.03685,0.77325
568.0,0.1738,0.0169,0.0357,0.7736
569.0,0.1751,0.01635,0.0352,0.77335
570.0,0.17585,0.0165,0.0348,0.77285
571.0,0.1753,0.01685,0.0341,0.77375
572.0,0.17665,0.0167,0.0344,0.77225
573.0,0.1769,0.017,0.0349,0.7712
574.0,0.1782,0.0163,0.03545,0.77005
575.0,0.17845,0.0161,0.03605,0.7694
576.0,0.1792,0.01585,0.035,0.76995
577.0,0.18065,0.0161,0.03435,0.7689
578.0,0.18165,0.01675,0.03395,0.76765
579.0,0.18395,0.01625,0.03375,0.76605
580.0,0.18445,0.01665,0.0338,0.7651
581.0,0.18505,0.0167,0.0336,0.76465
582.0,0.1857,0.01675,0.0339,0.76365
583.0,0.18635,0.0165,0.0343,0.76285
584.0,0.18615,0.0172,0.0352,0.76145
585.0,0.1874,0.01795,0.0346,0.76005
586.0,0.18745,0.01775,0.03585,0.75895
587.0,0.18745,0.0177,0.03555,0.7593
588.0,0.1879,0.018,0.03575,0.75835
589.0,0.18835,0.0179,0.03645,0.7573
590.0,0.18825,0.0186,0.03685,0.7563
591.0,0.18825,0.01845,0.03635,0.75695
592.0,0.18735,0.0192,0.03695,0.7565
593.0,0.1866,0.01885,0.03605,0.7585
594.0,0.18635,0.01915,0.03695,0.75755
595.0,0.1861,0.0194,0.03785,0.75665
596.0,0.1857,0.01855,0.038,0.75775
597.0,0.1847,0.0188,0.0384,0.7581
598.0,0.1839,0.01865,0.03825,0.7592
599.0,0.1844,0.0186,0.0389,0.7581
600.0,0.18405,0.0184,0.0381,0.75945
601.0,0.1833,0.01885,0.03755,0.7603
602.0,0.18435,0.01885,0.03725,0.75955
603.0,0.18365,0.0187,0.038,0.75965
604.0,0.1842,0.01925,0.03775,0.7588
605.0,0.1842,0.01945,0.03845,0.7579
606.0,0.1833,0.0203,0.0381,0.7583
607.0,0.1834,0.01985,0.0384,0.75835
608.0,0.1834,0.0192,0.039,0.7584
609.0,0.18285,0.01935,0.03845,0.75935
610.0,0.182,0.0191,0.03965,0.75925
611.0,0.1824,0.0191,0.03945,0.75905
612.0,0.1811,0.01905,0.03895,0.7609
613.0,0.1809,0.01885,0.03965,0.7606
614.0,0.17965,0.019,0.0393,0.76205
615.0,0.17835,0.0203,0.0383,0.76305
616.0,0.1783,0.01915,0.03945,0.7631
617.0,0.1778,0.01985,0.0403,0.76205
618.0,0.1777,0.01955,0.0396,0.76315
619.0,0.177,0.0194,0.0391,0.7645
620.0,0.177,0.01875,0.03915,0.7651
621.0,0.1772,0.0192,0.03935,0.76425
622.0,0.17605,0.01935,0.0386,0.766
623.0,0.17615,0.01825,0.03925,0.76635
624.0,0.1754,0.01805,0.0398,0.76675
625.0,0.1749,0.01815,0.0403,0.76665
626.0,0.17555,0.0178,0.04025,0.7664
627.0,0.17515,0.0174,0.03985,0.7676
628.0,0.1756,0.0172,0.0383,0.7689
629.0,0.1758,0.01755,0.03695,0.7697
630.0,0.1768,0.01725,0.03675,0.7692
631.0,0.1779,0.0165,0.0368,0.7688
632.0,0.17855,0.01685,0.036,0.7686
633.0,0.1793,0.017,0.0357,0.768
634.0,0.17855,0.01765,0.0351,0.7687
635.0,0.1788,0.01735,0.0358,0.76805
636.0,0.17755,0.0194,0.0354,0.76765
637.0,0.17735,0.0191,0.03635,0.7672
638.0,0.1784,0.0181,0.0376,0.7659
639.0,0.1779,0.01835,0.0359,0.76785
640.0,0.17805,0.017,0.03735,0.7676
641.0,0.178,0.01655,0.03725,0.7682
642.0,0.1776,0.01815,0.0369,0.76735
643.0,0.17695,0.0173,0.03765,0.7681
644.0,0.1761,0.0172,0.0382,0.7685
645.0,0.1764,0.017,0.0378,0.7688
646.0,0.17605,0.01615,0.0376,0.7702
647.0,0.1766,0.01645,0.0369,0.77005
648.0,0.1771,0.01705,0.03535,0.7705
649.0,0.1764,0.01685,0.0358,0.77095
650.0,0.1774,0.0174,0.0348,0.7704
651.0,0.1784,0.01625,0.0357,0.76965
652.0,0.17965,0.0161,0.03575,0.7685
653.0,0.1793,0.01675,0.03505,0.7689
654.0,0.17875,0.0168,0.0359,0.76855
655.0,0.17855,0.01635,0.03605,0.76905
656.0,0.1785,0.0167,0.0348,0.77
657.0,0.1795,0.01715,0.03415,0.7692
658.0,0.18015,0.01705,0.0345,0.7683
659.0,0.1798,0.01645,0.0347,0.76905
660.0,0.18005,0.0166,0.0352,0.76815
661.0,0.18015,0.0171,0.0346,0.76815
662.0,0.18085,0.0166,0.0352,0.76735
663.0,0.1804,0.01665,0.034,0.76895
664.0,0.18115,0.01655,0.0343,0.768
665.0,0.18065,0.0178,0.0331,0.76845
666.0,0.18045,0.0166,0.03435,0.7686
667.0,0.18045,0.016,0.03465,0.7689
668.0,0.1817,0.01585,0.0334,0.76905
669.0,0.18065,0.01625,0.0343,0.7688
670.0,0.1813,0.0164,0.0341,0.7682
671.0,0.18205,0.0162,0.03455,0.7672
672.0,0.18255,0.0158,0.03485,0.7668
673.0,0.1828,0.01535,0.0346,0.76725
674.0,0.18255,0.01635,0.03375,0.76735
675.0,0.1827,0.01575,0.03515,0.7664
676.0,0.18215,0.0163,0.03505,0.7665
677.0,0.1824,0.0162,0.03485,0.76655
678.0,0.18185,0.0164,0.0341,0.76765
679.0,0.1828,0.0153,0.03515,0.76675
680.0,0.183,0.0159,0.03475,0.76635
681.0,0.18145,0.01725,0.03255,0.76875
682.0,0.18145,0.01735,0.0335,0.7677
683.0,0.18115,0.01845,0.0327,0.7677
684.0,0.181,0.0183,0.03365,0.76705
685.0,0.1828,0.0172,0.0337,0.7663
686.0,0.1833,0.01585,0.0342,0.76665
687.0,0.1834,0.0157,0.0343,0.7666
688.0,0.1832,0.01755,0.03375,0.7655
689.0,0.18345,0.0174,0.03395,0.7652
690.0,0.18325,0.019,0.0339,0.76385
691.0,0.1825,0.01885,0.03495,0.7637
692.0,0.18195,0.0186,0.0356,0.76385
693.0,0.1809,0.0193,0.036,0.7638
694.0,0.18065,0.01875,0.0377,0.7629
695.0,0.181,0.01895,0.0377,0.76235
696.0,0.18005,0.0194,0.0382,0.76235
697.0,0.1794,0.01965,0.0384,0.76255
698.0,0.1792,0.0199,0.0383,0.7626
699.0,0.17795,0.0205,0.0388,0.76275
700.0,0.17885,0.0191,0.0394,0.76265
701.0,0.17885,0.0182,0.0396,0.76335
702.0,0.17825,0.018,0.0398,0.76395
703.0,0.1777,0.0187,0.03895,0.76465
704.0,0.1781,0.0182,0.0393,0.7644
705.0,0.1764,0.01855,0.03915,0.7659
706.0,0.1751,0.0186,0.03845,0.76785
707.0,0.17375,0.0192,0.03915,0.7679
708.0,0.1721,0.0209,0.0389,0.7681
709.0,0.17165,0.0201,0.03915,0.7691
710.0,0.171,0.0195,0.0395,0.77
711.0,0.17025,0.0188,0.04125,0.7697
712.0,0.1704,0.0184,0.0401,0.7711
713.0,0.1693,0.0181,0.0405,0.7721
714.0,0.16965,0.01885,0.0388,0.7727
715.0,0.1687,0.0194,0.0389,0.773
716.0,0.1686,0.01795,0.03955,0.7739
717.0,0.1684,0.0176,0.0402,0.7738
718.0,0.16825,0.0173,0.03955,0.7749
719.0,0.16865,0.01745,0.0385,0.7754
720.0,0.169,0.01675,0.0382,0.77605
721.0,0.16915,0.01635,0.03795,0.77655
722.0,0.16965,0.01625,0.0378,0.7763
723.0,0.17135,0.0157,0.03775,0.7752
724.0,0.17155,0.01525,0.0377,0.7755
725.0,0.17165,0.0156,0.0362,0.77655
726.0,0.17195,0.01595,0.03575,0.77635
727.0,0.17235,0.01635,0.03465,0.77665
728.0,0.17305,0.0157,0.0342,0.77705
729.0,0.17335,0.01545,0.03425,0.77695
730.0,0.17405,0.0151,0.03415,0.7767
