time,propSusceptible,propExposed,propInfected,propRecovered
0.0,0.9,0.0,0.1,0.0
1.0,0.84375,0.05625,0.06405,0.03595
2.0,0.80215,0.08265,0.07085,0.04435
3.0,0.75385,0.10665,0.08535,0.05415
4.0,0.69985,0.12985,0.10605,0.06425
5.0,0.63755,0.1555,0.1286,0.07835
6.0,0.57105,0.1799,0.15415,0.0949
7.0,0.5006,0.1982,0.1873,0.1139
8.0,0.4286,0.2134,0.22175,0.13625
9.0,0.35855,0.2208,0.256,0.16465
10.0,0.29145,0.2249,0.2842,0.19945
11.0,0.2323,0.222,0.3087,0.237
12.0,0.18325,0.2088,0.3314,0.27655
13.0,0.14205,0.18945,0.34865,0.31985
14.0,0.1096,0.16755,0.3574,0.36545
15.0,0.08395,0.1469,0.3579,0.41125
16.0,0.0652,0.12575,0.3518,0.45725
17.0,0.05075,0.108,0.3435,0.49775
18.0,0.03975,0.08865,0.32735,0.54425
19.0,0.03255,0.07055,0.3105,0.5864
20.0,0.0264,0.057,0.29175,0.62485
21.0,0.0235,0.04725,0.26635,0.6629
22.0,0.021,0.03745,0.2432,0.69835
23.0,0.0194,0.03095,0.2218,0.72785
24.0,0.0193,0.024,0.2011,0.7556
25.0,0.01885,0.01965,0.1797,0.7818
26.0,0.01835,0.0164,0.16135,0.8039
27.0,0.01865,0.01475,0.14025,0.82635
28.0,0.02025,0.01155,0.126,0.8422
29.0,0.02195,0.00985,0.11305,0.85515
30.0,0.02235,0.00875,0.0997,0.8692
31.0,0.0235,0.00835,0.0886,0.87955
32.0,0.0255,0.00675,0.0788,0.88895
33.0,0.0273,0.00675,0.0695,0.89645
34.0,0.02915,0.00585,0.062,0.903
35.0,0.03035,0.00545,0.055,0.9092
36.0,0.0333,0.0043,0.04855,0.91385
37.0,0.03545,0.0041,0.04305,0.9174
38.0,0.03745,0.004,0.03825,0.9203
39.0,0.03905,0.0036,0.03325,0.9241
40.0,0.0412,0.0033,0.03005,0.92545
41.0,0.04355,0.00335,0.0272,0.9259
42.0,0.046,0.00315,0.0245,0.92635
43.0,0.04875,0.003,0.02265,0.9256
44.0,0.05135,0.0025,0.0203,0.92585
45.0,0.0537,0.00245,0.01785,0.926
46.0,0.05635,0.00245,0.0165,0.9247
47.0,0.05975,0.0021,0.01505,0.9231
48.0,0.0624,0.0019,0.01395,0.92175
49.0,0.06465,0.00165,0.01275,0.92095
50.0,0.06775,0.0022,0.01155,0.9185
51.0,0.07035,0.00255,0.0103,0.9168
52.0,0.0733,0.00235,0.00935,0.915
53.0,0.07605,0.00245,0.00885,0.91265
54.0,0.07865,0.0021,0.00805,0.9112
55.0,0.08085,0.0019,0.00735,0.9099
56.0,0.08385,0.0017,0.0066,0.90785
57.0,0.08645,0.0017,0.006,0.90585
58.0,0.08895,0.0015,0.00515,0.9044
59.0,0.09205,0.0015,0.00475,0.9017
60.0,0.09495,0.0013,0.00455,0.8992
61.0,0.098,0.0013,0.00395,0.89675
62.0,0.1014,0.0011,0.00395,0.89355
63.0,0.10435,0.0009,0.0036,0.89115
64.0,0.1071,0.00095,0.0031,0.88885
65.0,0.1102,0.0007,0.00295,0.88615
66.0,0.1129,0.00075,0.00265,0.8837
67.0,0.11575,0.00065,0.00245,0.88115
68.0,0.11825,0.00055,0.00245,0.87875
69.0,0.12115,0.0003,0.0025,0.87605
70.0,0.1235,0.00045,0.002,0.87405
71.0,0.1269,0.00045,0.002,0.87065
72.0,0.12905,0.00045,0.0017,0.8688
73.0,0.13185,0.00045,0.0017,0.866
74.0,0.1344,0.0004,0.0017,0.8635
75.0,0.1372,0.0004,0.00145,0.86095
76.0,0.13905,0.00035,0.00145,0.85915
77.0,0.14125,0.0003,0.00145,0.857
78.0,0.1447,0.00045,0.00115,0.8537
79.0,0.1469,0.00045,0.0012,0.85145
80.0,0.1495,0.0005,0.00125,0.84875
81.0,0.1522,0.0005,0.00115,0.84615
82.0,0.15445,0.0005,0.00125,0.8438
83.0,0.157,0.00055,0.00115,0.8413
84.0,0.15935,0.0005,0.0013,0.83885
85.0,0.1616,0.00045,0.00115,0.8368
86.0,0.16395,0.0005,0.00105,0.8345
87.0,0.16625,0.00045,0.0011,0.8322
88.0,0.1686,0.00045,0.00105,0.8299
89.0,0.1716,0.00035,0.00095,0.8271
90.0,0.17385,0.00035,0.00105,0.82475
91.0,0.1763,0.0004,0.00105,0.82225
92.0,0.1783,0.00035,0.0009,0.82045
93.0,0.18045,0.0004,0.00095,0.8182
94.0,0.18265,0.0002,0.00105,0.8161
95.0,0.1851,0.0004,0.00095,0.81355
96.0,0.1873,0.0004,0.00085,0.81145
97.0,0.1897,0.0005,0.0008,0.809
98.0,0.1921,0.00055,0.0009,0.80645
99.0,0.1944,0.0006,0.001,0.804
100.0,0.197,0.0005,0.00105,0.80145
101.0,0.1991,0.00055,0.0011,0.79925
102.0,0.20085,0.0008,0.00125,0.7971
103.0,0.2032,0.0008,0.0015,0.7945
104.0,0.2055,0.00065,0.0014,0.79245
105.0,0.2073,0.0009,0.0014,0.7904
106.0,0.20955,0.0007,0.00145,0.7883
107.0,0.21115,0.0005,0.0016,0.78675
108.0,0.21315,0.0008,0.0014,0.78465
109.0,0.21525,0.0007,0.0016,0.78245
110.0,0.21705,0.00085,0.00175,0.78035
111.0,0.21895,0.0008,0.0015,0.77875
112.0,0.2212,0.00095,0.0015,0.77635
113.0,0.22285,0.00085,0.0018,0.7745
114.0,0.22485,0.0012,0.00175,0.7722
115.0,0.22745,0.00075,0.002,0.7698
116.0,0.23005,0.00085,0.0019,0.7672
117.0,0.23225,0.001,0.00175,0.765
118.0,0.2342,0.001,0.00145,0.76335
119.0,0.2363,0.001,0.0017,0.761
120.0,0.23815,0.00125,0.00195,0.75865
121.0,0.2393,0.0015,0.00195,0.75725
122.0,0.24105,0.00145,0.00205,0.75545
123.0,0.24265,0.00155,0.00205,0.75375
124.0,0.24425,0.0017,0.0021,0.75195
125.0,0.24595,0.0015,0.002,0.75055
126.0,0.24735,0.00155,0.00215,0.74895
127.0,0.24865,0.0016,0.00195,0.7478
128.0,0.2497,0.0014,0.00235,0.74655
129.0,0.25135,0.0013,0.00255,0.7448
130.0,0.25355,0.00135,0.00245,0.74265
131.0,0.2548,0.0016,0.0025,0.7411
132.0,0.25615,0.00195,0.0027,0.7392
133.0,0.2575,0.0019,0.0028,0.7378
134.0,0.2591,0.00165,0.0031,0.73615
135.0,0.2604,0.0019,0.0035,0.7342
136.0,0.26215,0.0017,0.00355,0.7326
137.0,0.2634,0.0019,0.0036,0.7311
138.0,0.2649,0.002,0.0034,0.7297
139.0,0.2661,0.0025,0.00325,0.72815
140.0,0.2673,0.00265,0.00325,0.7268
141.0,0.2696,0.0025,0.0032,0.7247
142.0,0.27105,0.00265,0.0032,0.7231
143.0,0.2725,0.003,0.00355,0.72095
144.0,0.27435,0.00315,0.0031,0.7194
145.0,0.276,0.00305,0.0035,0.71745
146.0,0.2773,0.00285,0.0041,0.71575
147.0,0.2781,0.0031,0.0049,0.7139
148.0,0.279,0.003,0.00545,0.71255
149.0,0.28025,0.00315,0.0055,0.7111
150.0,0.2806,0.00405,0.0057,0.70965
151.0,0.2815,0.00385,0.0064,0.70825
152.0,0.28195,0.0038,0.00715,0.7071
153.0,0.2819,0.0042,0.00755,0.70635
154.0,0.2818,0.00485,0.00765,0.7057
155.0,0.28215,0.0047,0.00865,0.7045
156.0,0.2823,0.0054,0.00915,0.70315
157.0,0.28225,0.00595,0.00995,0.70185
158.0,0.28265,0.0063,0.0101,0.70095
159.0,0.28295,0.0067,0.01075,0.6996
160.0,0.2833,0.00685,0.0111,0.69875
161.0,0.2831,0.008,0.01135,0.69755
162.0,0.283,0.0081,0.01235,0.69655
163.0,0.28195,0.00895,0.013,0.6961
164.0,0.2809,0.00885,0.01435,0.6959
165.0,0.27915,0.00995,0.01465,0.69625
166.0,0.2785,0.00935,0.0159,0.69625
167.0,0.2771,0.01005,0.01615,0.6967
168.0,0.2756,0.01125,0.0166,0.69655
169.0,0.27375,0.0111,0.01695,0.6982
170.0,0.27215,0.01215,0.01735,0.69835
171.0,0.2697,0.01325,0.018,0.69905
172.0,0.26815,0.014,0.01885,0.699
173.0,0.26655,0.01465,0.0195,0.6993
174.0,0.2638,0.01535,0.02125,0.6996
175.0,0.262,0.0152,0.0226,0.7002
176.0,0.26,0.01585,0.02355,0.7006
177.0,0.2576,0.01595,0.0259,0.70055
178.0,0.2553,0.01685,0.02685,0.701
179.0,0.2511,0.0182,0.02795,0.70275
180.0,0.24775,0.0183,0.0295,0.70445
181.0,0.24415,0.01985,0.03015,0.70585
182.0,0.2405,0.0203,0.0305,0.7087
183.0,0.2373,0.0197,0.03335,0.70965
184.0,0.2338,0.0204,0.0338,0.712
185.0,0.23085,0.0202,0.0346,0.71435
186.0,0.22845,0.0207,0.03395,0.7169
187.0,0.22445,0.02125,0.03585,0.71845
188.0,0.2197,0.0215,0.0375,0.7213
189.0,0.2152,0.0224,0.03875,0.72365
190.0,0.21165,0.022,0.0399,0.72645
191.0,0.2081,0.02105,0.0421,0.72875
192.0,0.2043,0.02115,0.0421,0.73245
193.0,0.1997,0.02225,0.042,0.73605
194.0,0.1954,0.0226,0.0424,0.7396
195.0,0.1918,0.0231,0.04195,0.74315
196.0,0.18925,0.0224,0.0424,0.74595
197.0,0.186,0.0227,0.04285,0.74845
198.0,0.18375,0.0214,0.0435,0.75135
199.0,0.18095,0.0213,0.04305,0.7547
200.0,0.17905,0.0201,0.0425,0.75835
201.0,0.17555,0.0206,0.0424,0.76145
202.0,0.17355,0.01935,0.0422,0.7649
203.0,0.17045,0.0199,0.0422,0.76745
204.0,0.16775,0.01955,0.0427,0.77
205.0,0.16615,0.0189,0.0432,0.77175
206.0,0.1642,0.019,0.04175,0.77505
207.0,0.16275,0.01795,0.0418,0.7775
208.0,0.16,0.0182,0.0419,0.7799
209.0,0.1581,0.0186,0.04115,0.78215
210.0,0.1561,0.0186,0.03985,0.78545
211.0,0.1546,0.01865,0.03925,0.7875
212.0,0.15345,0.0188,0.03885,0.7889
213.0,0.1527,0.0175,0.0384,0.7914
214.0,0.15095,0.0169,0.03815,0.794
215.0,0.1485,0.01765,0.0374,0.79645
216.0,0.14865,0.01685,0.03645,0.79805
217.0,0.1473,0.0166,0.03555,0.80055
218.0,0.14795,0.0151,0.03625,0.8007
219.0,0.1468,0.01455,0.03595,0.8027
220.0,0.147,0.0143,0.03545,0.80325
221.0,0.1468,0.0144,0.0356,0.8032
222.0,0.1464,0.0139,0.03455,0.80515
223.0,0.14685,0.0137,0.03365,0.8058
224.0,0.1477,0.013,0.03355,0.80575
225.0,0.1479,0.01235,0.03325,0.8065
226.0,0.1493,0.01185,0.0328,0.80605
227.0,0.1498,0.01165,0.03155,0.807
228.0,0.1505,0.01165,0.03045,0.8074
229.0,0.1505,0.01285,0.02895,0.8077
230.0,0.1516,0.01275,0.0289,0.80675
231.0,0.1526,0.01215,0.0286,0.80665
232.0,0.1541,0.01125,0.029,0.80565
233.0,0.1555,0.01115,0.02875,0.8046
234.0,0.1563,0.01115,0.0282,0.80435
235.0,0.15705,0.0112,0.02785,0.8039
236.0,0.1583,0.0113,0.0269,0.8035
237.0,0.16005,0.01085,0.02555,0.80355
238.0,0.16105,0.0107,0.0247,0.80355
239.0,0.16215,0.01015,0.024,0.8037
240.0,0.16305,0.0103,0.02335,0.8033
241.0,0.1652,0.01005,0.02415,0.8006
242.0,0.1671,0.01005,0.0233,0.79955
243.0,0.16895,0.01035,0.0229,0.7978
244.0,0.16995,0.01025,0.02305,0.79675
245.0,0.17115,0.0099,0.024,0.79495
246.0,0.17255,0.00955,0.02355,0.79435
247.0,0.1724,0.01005,0.02255,0.795
248.0,0.17295,0.0103,0.02155,0.7952
249.0,0.1738,0.01,0.02195,0.79425
250.0,0.17535,0.01045,0.02155,0.79265
251.0,0.17645,0.01075,0.02195,0.79085
252.0,0.17735,0.01035,0.02225,0.79005
253.0,0.1797,0.0101,0.0228,0.7874
254.0,0.1816,0.01,0.02245,0.78595
255.0,0.1834,0.00935,0.0226,0.78465
256.0,0.18375,0.0099,0.02085,0.7855
257.0,0.18505,0.00945,0.0217,0.7838
258.0,0.1871,0.0103,0.02065,0.78195
259.0,0.189,0.00945,0.02135,0.7802
260.0,0.1901,0.01005,0.0216,0.77825
261.0,0.19175,0.01035,0.02105,0.77685
262.0,0.19335,0.0104,0.0206,0.77565
263.0,0.1946,0.01085,0.0206,0.77395
264.0,0.19545,0.01025,0.0205,0.7738
265.0,0.19655,0.0099,0.0204,0.77315
266.0,0.198,0.0103,0.0203,0.7714
267.0,0.1994,0.01045,0.0198,0.77035
268.0,0.20115,0.0107,0.0191,0.76905
269.0,0.20255,0.01075,0.0188,0.7679
270.0,0.20515,0.01005,0.0187,0.7661
271.0,0.20685,0.0101,0.01945,0.7636
272.0,0.2086,0.01055,0.0196,0.76125
273.0,0.21055,0.0106,0.0196,0.75925
274.0,0.21155,0.01005,0.0203,0.7581
275.0,0.21195,0.01055,0.02065,0.75685
276.0,0.21295,0.0101,0.02125,0.7557
277.0,0.2128,0.01115,0.0214,0.75465
278.0,0.2144,0.01065,0.02205,0.7529
279.0,0.21655,0.01035,0.0208,0.7523
280.0,0.217,0.0113,0.02035,0.75135
281.0,0.2184,0.01135,0.0208,0.74945
282.0,0.21865,0.0113,0.02175,0.7483
283.0,0.2194,0.0115,0.0224,0.7467
284.0,0.21995,0.01205,0.02245,0.74555
285.0,0.2202,0.01385,0.02285,0.7431
286.0,0.2206,0.0134,0.02415,0.74185
287.0,0.2206,0.01325,0.0251,0.74105
288.0,0.21975,0.01455,0.02505,0.74065
289.0,0.2201,0.01485,0.0252,0.73985
290.0,0.21975,0.01505,0.02575,0.73945
291.0,0.21885,0.0156,0.0261,0.73945
292.0,0.219,0.01635,0.027,0.73765
293.0,0.2182,0.017,0.028,0.7368
294.0,0.21705,0.0174,0.02985,0.7357
295.0,0.21635,0.0171,0.03095,0.7356
296.0,0.21685,0.01635,0.03185,0.73495
297.0,0.21435,0.01795,0.03295,0.73475
298.0,0.21315,0.01735,0.0345,0.735
299.0,0.2113,0.01945,0.03525,0.734
300.0,0.20945,0.0199,0.0354,0.73525
301.0,0.2088,0.0193,0.03695,0.73495
302.0,0.2069,0.0204,0.037,0.7357
303.0,0.20535,0.0208,0.03825,0.7356
304.0,0.20405,0.02055,0.0393,0.7361
305.0,0.2021,0.02045,0.0404,0.73705
306.0,0.1995,0.0213,0.04045,0.73875
307.0,0.19675,0.0223,0.0415,0.73945
308.0,0.1945,0.02255,0.042,0.74095
309.0,0.19335,0.0215,0.0437,0.74145
310.0,0.1903,0.02275,0.04325,0.7437
311.0,0.1888,0.02235,0.04325,0.7456
312.0,0.18735,0.0215,0.04375,0.7474
313.0,0.1851,0.0224,0.04375,0.74875
314.0,0.18205,0.0221,0.04475,0.7511
315.0,0.18045,0.0219,0.0439,0.75375
316.0,0.17935,0.0215,0.04355,0.7556
317.0,0.17965,0.0206,0.04305,0.7567
318.0,0.179,0.0192,0.0433,0.7585
319.0,0.17655,0.0208,0.04225,0.7604
320.0,0.17615,0.0199,0.0428,0.76115
321.0,0.1743,0.0204,0.04215,0.76315
322.0,0.17355,0.0201,0.04185,0.7645
323.0,0.172,0.01915,0.0414,0.76745
324.0,0.17,0.0187,0.0415,0.7698
325.0,0.1689,0.0192,0.0414,0.7705
326.0,0.1682,0.0192,0.0395,0.7731
327.0,0.16755,0.0186,0.03905,0.7748
328.0,0.1665,0.01915,0.03875,0.7756
329.0,0.1668,0.01895,0.0384,0.77585
330.0,0.16625,0.01915,0.03805,0.77655
331.0,0.16595,0.0185,0.03815,0.7774
332.0,0.16705,0.0177,0.0382,0.77705
333.0,0.168,0.0169,0.0375,0.7776
334.0,0.168,0.01715,0.0362,0.77865
335.0,0.16865,0.0165,0.0351,0.77975
336.0,0.1696,0.01645,0.0336,0.78035
337.0,0.16885,0.01595,0.0338,0.7814
338.0,0.16855,0.01645,0.03475,0.78025
339.0,0.1698,0.0171,0.0328,0.7803
340.0,0.1704,0.0157,0.0336,0.7803
341.0,0.17215,0.0154,0.03345,0.779
342.0,0.1716,0.016,0.03345,0.77895
343.0,0.17255,0.01535,0.03325,0.77885
344.0,0.17455,0.0147,0.03285,0.7779
345.0,0.1754,0.01485,0.03275,0.777
346.0,0.1763,0.01505,0.0318,0.77685
347.0,0.17735,0.0139,0.0322,0.77655
348.0,0.17895,0.01345,0.03135,0.77625
349.0,0.1806,0.0136,0.0313,0.7745
350.0,0.1823,0.0129,0.03115,0.77365
351.0,0.183,0.01355,0.03045,0.773
352.0,0.18465,0.0136,0.0296,0.77215
353.0,0.1857,0.0138,0.02995,0.77055
354.0,0.1866,0.0128,0.0292,0.7714
355.0,0.18665,0.01385,0.0287,0.7708
356.0,0.1877,0.01385,0.02825,0.7702
357.0,0.1888,0.01365,0.0291,0.76845
358.0,0.18955,0.0133,0.0296,0.76755
359.0,0.1906,0.0138,0.0288,0.7668
360.0,0.19115,0.0139,0.02845,0.7665
361.0,0.19165,0.01365,0.02915,0.76555
362.0,0.1919,0.0144,0.02885,0.76485
363.0,0.1923,0.015,0.0291,0.7636
364.0,0.19355,0.0142,0.0294,0.76285
365.0,0.1939,0.01425,0.0295,0.76235
366.0,0.19425,0.0158,0.02895,0.761
367.0,0.19525,0.01585,0.0291,0.7598
368.0,0.1963,0.01485,0.0305,0.75835
369.0,0.1961,0.0148,0.0304,0.7587
370.0,0.1962,0.0157,0.02955,0.75855
371.0,0.19645,0.0157,0.0304,0.75745
372.0,0.1964,0.0163,0.03095,0.75635
373.0,0.19625,0.0169,0.03125,0.7556
374.0,0.1966,0.01645,0.0324,0.75455
375.0,0.19735,0.01625,0.0327,0.7537
376.0,0.19705,0.0164,0.03365,0.7529
377.0,0.19745,0.01595,0.0338,0.7528
378.0,0.196,0.01805,0.0332,0.75275
379.0,0.19505,0.0174,0.03425,0.7533
380.0,0.195,0.0177,0.03365,0.75365
381.0,0.1952,0.0172,0.03415,0.75345
382.0,0.19535,0.01625,0.03455,0.75385
383.0,0.19515,0.01695,0.0346,0.7533
384.0,0.1949,0.01655,0.03605,0.7525
385.0,0.1944,0.01615,0.0366,0.75285
386.0,0.1931,0.01685,0.0361,0.75395
387.0,0.19375,0.017,0.03495,0.7543
388.0,0.19325,0.01715,0.03415,0.75545
389.0,0.1926,0.0178,0.0341,0.7555
390.0,0.1918,0.0174,0.0353,0.7555
391.0,0.19085,0.0174,0.0354,0.75635
392.0,0.18885,0.01855,0.03595,0.75665
393.0,0.18715,0.01925,0.0368,0.7568
394.0,0.1867,0.0182,0.03775,0.75735
395.0,0.1858,0.0179,0.03755,0.75875
396.0,0.185,0.01815,0.03805,0.7588
397.0,0.1837,0.0182,0.038,0.7601
398.0,0.1836,0.018,0.038,0.7604
399.0,0.1824,0.01975,0.03775,0.7601
400.0,0.1811,0.02005,0.03805,0.7608
401.0,0.1801,0.02,0.03865,0.76125
402.0,0.1786,0.02025,0.0388,0.76235
403.0,0.1776,0.02045,0.0398,0.76215
404.0,0.17695,0.02025,0.04075,0.76205
405.0,0.1754,0.0207,0.04015,0.76375
406.0,0.1739,0.02105,0.0415,0.76355
407.0,0.1741,0.02075,0.0422,0.76295
408.0,0.17265,0.02105,0.04185,0.76445
409.0,0.17145,0.0203,0.0423,0.76595
410.0,0.17125,0.019,0.042,0.76775
411.0,0.1705,0.0198,0.04225,0.76745
412.0,0.16895,0.01985,0.0414,0.7698
413.0,0.16835,0.0195,0.04065,0.7715
414.0,0.16775,0.01975,0.03945,0.77305
415.0,0.1676,0.0189,0.03905,0.77445
416.0,0.16705,0.0186,0.03905,0.7753
417.0,0.16745,0.0174,0.03965,0.7755
418.0,0.1665,0.0177,0.03935,0.77645
419.0,0.16525,0.0184,0.03885,0.7775
420.0,0.1646,0.01835,0.03915,0.7779
421.0,0.16505,0.0175,0.03865,0.7788
422.0,0.1652,0.01785,0.0374,0.77955
423.0,0.1666,0.0169,0.0391,0.7774
424.0,0.1656,0.01715,0.03945,0.7778
425.0,0.1653,0.0171,0.039,0.7786
426.0,0.16485,0.01705,0.0397,0.7784
427.0,0.16515,0.0164,0.03915,0.7793
428.0,0.16415,0.01735,0.03825,0.78025
429.0,0.16465,0.01705,0.0376,0.7807
430.0,0.16385,0.01775,0.03775,0.78065
431.0,0.1647,0.01725,0.03715,0.7809
432.0,0.1652,0.01695,0.03675,0.7811
433.0,0.165,0.0168,0.0366,0.7816
434.0,0.16485,0.0169,0.0372,0.78105
435.0,0.16575,0.0169,0.0357,0.78165
436.0,0.16535,0.0163,0.03525,0.7831
437.0,0.1651,0.0155,0.0354,0.784
438.0,0.16455,0.0158,0.03515,0.7845
439.0,0.16555,0.015,0.0344,0.78505
440.0,0.16535,0.0153,0.034,0.78535
441.0,0.1658,0.01425,0.0338,0.78615
442.0,0.1658,0.0142,0.0333,0.7867
443.0,0.1671,0.01355,0.03325,0.7861
444.0,0.16795,0.014,0.03165,0.7864
445.0,0.16935,0.0132,0.0324,0.78505
446.0,0.16985,0.0129,0.03215,0.7851
447.0,0.17135,0.01355,0.03135,0.78375
448.0,0.1725,0.01345,0.03145,0.7826
449.0,0.17355,0.0132,0.03,0.78325
450.0,0.1745,0.01405,0.02905,0.7824
451.0,0.17525,0.0135,0.02855,0.7827
452.0,0.17625,0.0137,0.02755,0.7825
453.0,0.17765,0.0131,0.02815,0.7811
454.0,0.17965,0.01285,0.02785,0.77965
455.0,0.18205,0.01135,0.02835,0.77825
456.0,0.18305,0.0123,0.0274,0.77725
457.0,0.1829,0.0127,0.028,0.7764
458.0,0.18355,0.0138,0.0268,0.77585
459.0,0.1843,0.01455,0.02585,0.7753
460.0,0.1843,0.0141,0.02675,0.77485
461.0,0.1847,0.0148,0.02685,0.77365
462.0,0.184,0.0152,0.02775,0.77305
463.0,0.184,0.0148,0.0281,0.7731
464.0,0.1836,0.01525,0.0287,0.77245
465.0,0.18375,0.0154,0.02915,0.7717
466.0,0.18455,0.01535,0.02975,0.77035
467.0,0.184,0.01555,0.0304,0.77005
468.0,0.18405,0.01575,0.0309,0.7693
469.0,0.18405,0.01625,0.0314,0.7683
470.0,0.18515,0.01455,0.03245,0.76785
471.0,0.1843,0.0148,0.0325,0.7684
472.0,0.1842,0.01455,0.03275,0.7685
473.0,0.18345,0.0165,0.03155,0.7685
474.0,0.18265,0.01625,0.0323,0.7688
475.0,0.18235,0.016,0.03455,0.7671
476.0,0.1818,0.01545,0.0344,0.76835
477.0,0.18195,0.01605,0.03485,0.76715
478.0,0.18125,0.01605,0.0354,0.7673
479.0,0.18125,0.0167,0.03545,0.7666
480.0,0.1824,0.0163,0.03485,0.76645
481.0,0.1811,0.01685,0.03495,0.7671
482.0,0.18115,0.0161,0.0359,0.76685
483.0,0.18075,0.01645,0.03605,0.76675
484.0,0.181,0.0166,0.03575,0.76665
485.0,0.18025,0.0165,0.03635,0.7669
486.0,0.1789,0.0179,0.03615,0.76705
487.0,0.1785,0.0182,0.03545,0.76785
488.0,0.1793,0.0176,0.0354,0.7677
489.0,0.17925,0.01665,0.03635,0.76775
490.0,0.18015,0.0164,0.036,0.76745
491.0,0.1806,0.01705,0.0353,0.76705
492.0,0.18185,0.01595,0.03495,0.76725
493.0,0.18185,0.0163,0.0346,0.76725
494.0,0.1819,0.01615,0.0352,0.76675
495.0,0.18175,0.0155,0.0351,0.76765
496.0,0.18155,0.01625,0.0341,0.7681
497.0,0.18225,0.0156,0.03515,0.767
498.0,0.18235,0.01615,0.0341,0.7674
499.0,0.18235,0.01585,0.0341,0.7677
500.0,0.18335,0.01585,0.03375,0.76705
501.0,0.18355,0.0165,0.03295,0.767
502.0,0.1842,0.01665,0.03345,0.7657
503.0,0.1849,0.0165,0.0343,0.7643
504.0,0.18555,0.01605,0.0339,0.7645
505.0,0.1867,0.0149,0.0345,0.7639
506.0,0.1866,0.01475,0.03435,0.7643
507.0,0.1866,0.01515,0.03385,0.7644
508.0,0.1862,0.0153,0.0345,0.764
509.0,0.1857,0.0163,0.0346,0.7634
510.0,0.1857,0.016,0.03545,0.76285
511.0,0.18675,0.0153,0.03535,0.7626
512.0,0.186,0.01665,0.0355,0.76185
513.0,0.1868,0.0157,0.03585,0.76165
514.0,0.18615,0.01685,0.03445,0.76255
515.0,0.1863,0.01605,0.0349,0.76275
516.0,0.186,0.01735,0.03355,0.7631
517.0,0.18535,0.0169,0.03325,0.7645
518.0,0.1851,0.0177,0.03225,0.76495
519.0,0.18565,0.0174,0.0339,0.76305
520.0,0.1855,0.01725,0.0343,0.76295
521.0,0.1856,0.018,0.03405,0.76235
522.0,0.18565,0.01775,0.03465,0.76195
523.0,0.1861,0.0172,0.0349,0.7618
524.0,0.18625,0.01745,0.0351,0.7612
525.0,0.18635,0.0179,0.03435,0.7614
526.0,0.1871,0.017,0.03515,0.76075
527.0,0.18645,0.01705,0.0357,0.7608
528.0,0.186,0.0172,0.0365,0.7603
529.0,0.1857,0.0175,0.0367,0.7601
530.0,0.187,0.01635,0.03645,0.7602
531.0,0.18785,0.0161,0.036,0.76005
532.0,0.18775,0.0171,0.0356,0.75955
533.0,0.18765,0.0184,0.0346,0.75935
534.0,0.18665,0.0189,0.03565,0.7588
535.0,0.18645,0.01935,0.0352,0.759
536.0,0.1871,0.018,0.03695,0.75795
537.0,0.18655,0.0188,0.0362,0.75845
538.0,0.1859,0.01895,0.0353,0.75985
539.0,0.1871,0.01745,0.0362,0.75925
540.0,0.18665,0.0182,0.03485,0.7603
541.0,0.1853,0.01815,0.0346,0.76195
542.0,0.18575,0.0172,0.035,0.76205
543.0,0.1858,0.017,0.03525,0.76195
544.0,0.18625,0.01655,0.0356,0.7616
545.0,0.18605,0.0164,0.03525,0.7623
546.0,0.1867,0.01665,0.0346,0.76205
547.0,0.18625,0.0173,0.03375,0.7627
548.0,0.1857,0.01675,0.0345,0.76305
549.0,0.18585,0.0169,0.03465,0.7626
550.0,0.18625,0.017,0.03405,0.7627
551.0,0.1864,0.01695,0.03385,0.7628
552.0,0.1856,0.0179,0.03325,0.76325
553.0,0.1863,0.0177,0.03325,0.76275
554.0,0.18705,0.0169,0.0343,0.76175
555.0,0.1868,0.01785,0.03395,0.7614
556.0,0.18865,0.0163,0.03385,0.7612
557.0,0.1888,0.0167,0.03375,0.76075
558.0,0.1887,0.01685,0.03455,0.7599
559.0,0.1878,0.0164,0.03475,0.76105
560.0,0.1889,0.01485,0.03625,0.76
561.0,0.18805,0.01595,0.03565,0.76035
562.0,0.1876,0.01775,0.0351,0.75955
563.0,0.18825,0.0182,0.035,0.75855
564.0,0.18785,0.0177,0.03595,0.7585
565.0,0.1884,0.0166,0.03625,0.75875
566.0,0.18795,0.017,0.03545,0.7596
567.0,0.1875,0.0178,0.03615,0.75855
568.0,0.18615,0.01745,0.0367,0.7597
569.0,0.18715,0.0177,0.03755,0.7576
570.0,0.18645,0.0183,0.0362,0.75905
571.0,0.18565,0.0196,0.03595,0.7588
572.0,0.1853,0.02055,0.03605,0.7581
573.0,0.18495,0.019,0.0373,0.75875
574.0,0.1855,0.01825,0.0384,0.75785
575.0,0.18585,0.01795,0.0387,0.7575
576.0,0.18505,0.0186,0.03875,0.7576
577.0,0.1831,0.01985,0.0391,0.75795
578.0,0.18085,0.0208,0.0399,0.75845
579.0,0.1803,0.01965,0.0399,0.76015
580.0,0.1789,0.0194,0.0397,0.762
581.0,0.17795,0.01865,0.0404,0.763
582.0,0.1769,0.0196,0.041,0.7625
583.0,0.17595,0.01975,0.04165,0.76265
584.0,0.17565,0.01975,0.04195,0.76265
585.0,0.1753,0.01955,0.04065,0.7645
586.0,0.17645,0.01855,0.04025,0.76475
587.0,0.17665,0.01865,0.04025,0.76445
588.0,0.17665,0.01855,0.03955,0.76525
589.0,0.1768,0.0186,0.03985,0.76475
590.0,0.1765,0.01865,0.03975,0.7651
591.0,0.17605,0.01845,0.03975,0.76575
592.0,0.17665,0.0177,0.0403,0.76535
593.0,0.17515,0.0188,0.0399,0.76615
594.0,0.1753,0.01705,0.03995,0.7677
595.0,0.17525,0.0182,0.0394,0.76715
596.0,0.1752,0.0184,0.03925,0.76715
597.0,0.1748,0.01845,0.03965,0.7671
598.0,0.17455,0.0189,0.0399,0.76665
599.0,0.17345,0.0197,0.03875,0.7681
600.0,0.17285,0.0195,0.03945,0.7682
601.0,0.17305,0.01785,0.04135,0.76775
602.0,0.17345,0.01795,0.03985,0.76875
603.0,0.17285,0.01725,0.0399,0.77
604.0,0.17255,0.0176,0.0385,0.77135
605.0,0.1715,0.0189,0.0369,0.7727
606.0,0.1712,0.01925,0.0365,0.77305
607.0,0.1717,0.0184,0.0357,0.7742
608.0,0.17235,0.01785,0.0354,0.7744
609.0,0.1713,0.0177,0.03625,0.77475
610.0,0.17095,0.01715,0.03615,0.77575
611.0,0.17,0.01765,0.03615,0.7762
612.0,0.171,0.01805,0.03615,0.7748
613.0,0.1694,0.01795,0.0372,0.77545
614.0,0.16905,0.01785,0.03665,0.77645
615.0,0.16935,0.0172,0.0365,0.77695
616.0,0.16885,0.01755,0.03535,0.77825
617.0,0.1704,0.0179,0.035,0.7767
618.0,0.1718,0.0165,0.036,0.7757
619.0,0.17185,0.0163,0.0353,0.77655
620.0,0.17235,0.01655,0.034,0.7771
621.0,0.1728,0.0153,0.03525,0.77665
622.0,0.17245,0.01525,0.03565,0.77665
623.0,0.1734,0.01525,0.0353,0.77605
624.0,0.1737,0.0155,0.0352,0.7756
625.0,0.17385,0.01615,0.03475,0.77525
626.0,0.1745,0.01585,0.03565,0.774
627.0,0.17525,0.0157,0.0355,0.77355
628.0,0.17575,0.01555,0.03505,0.77365
629.0,0.17595,0.0155,0.03515,0.7734
630.0,0.17705,0.0158,0.03435,0.7728
631.0,0.17765,0.0161,0.03295,0.7733
632.0,0.1787,0.0158,0.0329,0.7726
633.0,0.17935,0.01575,0.03295,0.77195
634.0,0.179,0.01655,0.0312,0.77325
635.0,0.1808,0.01505,0.03155,0.7726
636.0,0.18135,0.0148,0.03115,0.7727
637.0,0.18145,0.0152,0.032,0.77135
638.0,0.18185,0.0153,0.03215,0.7707
639.0,0.18165,0.0156,0.0322,0.77055
640.0,0.182,0.01535,0.03265,0.77
641.0,0.18335,0.01435,0.033,0.7693
642.0,0.18375,0.01575,0.03235,0.76815
643.0,0.1842,0.01685,0.03115,0.7678
644.0,0.18335,0.0167,0.03155,0.7684
645.0,0.18275,0.01765,0.03145,0.76815
646.0,0.18275,0.01725,0.03215,0.76785
647.0,0.1841,0.0157,0.03285,0.76735
648.0,0.18495,0.01515,0.03365,0.76625
649.0,0.18505,0.01585,0.03325,0.76585
650.0,0.18445,0.0169,0.0332,0.76545
651.0,0.1847,0.01645,0.03335,0.7655
652.0,0.1846,0.01555,0.03425,0.7656
653.0,0.1839,0.01625,0.0341,0.76575
654.0,0.18285,0.01705,0.03355,0.76655
655.0,0.18095,0.01835,0.03365,0.76705
656.0,0.1812,0.01755,0.03425,0.767
657.0,0.18075,0.01705,0.03485,0.76735
658.0,0.18095,0.01635,0.03515,0.76755
659.0,0.1813,0.01675,0.03515,0.7668
660.0,0.1806,0.0171,0.0348,0.7675
661.0,0.18065,0.0166,0.03515,0.7676
662.0,0.1815,0.0162,0.0349,0.7674
663.0,0.1824,0.01715,0.03385,0.7666
664.0,0.18165,0.01755,0.03395,0.76685
665.0,0.18175,0.01795,0.03295,0.76735
666.0,0.1837,0.0169,0.03295,0.76645
667.0,0.18365,0.01735,0.0321,0.7669
668.0,0.18435,0.0162,0.0332,0.76625
669.0,0.18305,0.01695,0.03315,0.76685
670.0,0.1834,0.0174,0.0338,0.7654
671.0,0.18405,0.0164,0.03535,0.7642
672.0,0.1853,0.0166,0.03435,0.76375
673.0,0.18535,0.0156,0.03495,0.7641
674.0,0.1835,0.0165,0.0342,0.7658
675.0,0.18345,0.0167,0.0348,0.76505
676.0,0.18365,0.0172,0.0349,0.76425
677.0,0.18445,0.01705,0.03375,0.76475
678.0,0.1832,0.0172,0.03375,0.76585
679.0,0.18325,0.01665,0.0344,0.7657
680.0,0.182,0.0171,0.0341,0.7668
681.0,0.1817,0.0178,0.0335,0.767
682.0,0.18135,0.01755,0.0341,0.767
683.0,0.1813,0.01675,0.03485,0.7671
684.0,0.18155,0.0162,0.036,0.76625
685.0,0.18145,0.0164,0.0345,0.76765
686.0,0.1815,0.0168,0.03465,0.76705
687.0,0.18205,0.0176,0.03425,0.7661
688.0,0.18335,0.01635,0.03525,0.76505
689.0,0.1832,0.0168,0.03505,0.76495
690.0,0.18415,0.01685,0.03535,0.76365
691.0,0.18365,0.01775,0.036,0.7626
692.0,0.18265,0.01855,0.03535,0.76345
693.0,0.18245,0.02,0.03445,0.7631
694.0,0.18185,0.01885,0.0359,0.7634
695.0,0.1824,0.01815,0.0359,0.76355
696.0,0.1829,0.017,0.03725,0.76285
697.0,0.1832,0.01695,0.03715,0.7627
698.0,0.18305,0.01715,0.0376,0.7622
699.0,0.18375,0.01645,0.0379,0.7619
700.0,0.1832,0.017,0.03785,0.76195
701.0,0.1829,0.0178,0.0363,0.763
702.0,0.1839,0.01655,0.0364,0.76315
703.0,0.18395,0.0172,0.03575,0.7631
704.0,0.1833,0.0178,0.03495,0.76395
705.0,0.18415,0.01685,0.035,0.764
706.0,0.18355,0.01745,0.0349,0.7641
707.0,0.18295,0.0183,0.03425,0.7645
708.0,0.1834,0.0179,0.0341,0.7646
709.0,0.18395,0.0174,0.03435,0.7643
710.0,0.18305,0.01795,0.03395,0.76505
711.0,0.1817,0.019,0.03395,0.76535
712.0,0.18195,0.01845,0.03515,0.76445
713.0,0.182,0.0177,0.03625,0.76405
714.0,0.18335,0.0167,0.0358,0.76415
715.0,0.1818,0.0181,0.0357,0.7644
716.0,0.1823,0.01795,0.03555,0.7642
717.0,0.1817,0.01735,0.0357,0.76525
718.0,0.1811,0.01815,0.03515,0.7656
719.0,0.18125,0.01795,0.03505,0.76575
720.0,0.18255,0.01665,0.03545,0.76535
721.0,0.18225,0.0164,0.03515,0.7662
722.0,0.18165,0.0163,0.03545,0.7666
723.0,0.18165,0.0159,0.03615,0.7663
724.0,0.18185,0.01605,0.0353,0.7668
725.0,0.1807,0.0168,0.03575,0.76675
726.0,0.1802,0.0169,0.036,0.7669
727.0,0.18045,0.01635,0.0356,0.7676
728.0,0.1817,0.01665,0.03455,0.7671
729.0,0.1816,0.01715,0.03405,0.7672
730.0,0.1827,0.0169,0.0333,0.7671
