time,propSusceptible,propExposed,propInfected,propRecovered
0.0,0.9,0.0,0.1,0.0
1.0,0.8421,0.0579,0.06535,0.03465
2.0,0.799,0.0852,0.07215,0.04365
3.0,0.7545,0.10605,0.08615,0.0533
4.0,0.7008,0.13025,0.1056,0.06335
5.0,0.64125,0.15425,0.127,0.0775
6.0,0.5741,0.177,0.15395,0.09495
7.0,0.50345,0.19745,0.1847,0.1144
8.0,0.42775,0.2146,0.22175,0.1359
9.0,0.35485,0.22775,0.25135,0.16605
10.0,0.2891,0.22925,0.28205,0.1996
11.0,0.22815,0.22615,0.3089,0.2368
12.0,0.1784,0.2143,0.33065,0.27665
13.0,0.13895,0.194,0.34785,0.3192
14.0,0.1058,0.1722,0.3561,0.3659
15.0,0.07955,0.15085,0.35575,0.41385
16.0,0.06115,0.12955,0.34905,0.46025
17.0,0.0473,0.1069,0.341,0.5048
18.0,0.03765,0.0872,0.3248,0.55035
19.0,0.0296,0.07185,0.3079,0.59065
20.0,0.02565,0.0568,0.2889,0.62865
21.0,0.02275,0.0456,0.26755,0.6641
22.0,0.0213,0.03595,0.24375,0.699
23.0,0.0194,0.0295,0.2217,0.7294
24.0,0.019,0.02435,0.2004,0.75625
25.0,0.01905,0.0195,0.18165,0.7798
26.0,0.01945,0.01675,0.16295,0.80085
27.0,0.01995,0.01395,0.14515,0.82095
28.0,0.02125,0.0113,0.128,0.83945
29.0,0.0222,0.00935,0.114,0.85445
30.0,0.02245,0.0085,0.1012,0.86785
31.0,0.0237,0.0077,0.08885,0.87975
32.0,0.0256,0.0069,0.0789,0.8886
33.0,0.0268,0.006,0.0693,0.8979
34.0,0.02825,0.00605,0.06125,0.90445
35.0,0.0306,0.00455,0.05465,0.9102
36.0,0.03295,0.0043,0.0486,0.91415
37.0,0.03525,0.00425,0.0432,0.9173
38.0,0.037,0.00405,0.03815,0.9208
39.0,0.0392,0.004,0.0336,0.9232
40.0,0.04195,0.0038,0.02975,0.9245
41.0,0.0442,0.0038,0.02645,0.92555
42.0,0.0465,0.0037,0.0232,0.9266
43.0,0.04875,0.00315,0.02175,0.92635
44.0,0.05175,0.0031,0.0192,0.92595
45.0,0.05415,0.00325,0.0164,0.9262
46.0,0.05685,0.00275,0.0148,0.9256
47.0,0.05935,0.0028,0.0134,0.92445
48.0,0.0622,0.00215,0.012,0.92365
49.0,0.0653,0.0018,0.01085,0.92205
50.0,0.06905,0.002,0.00945,0.9195
51.0,0.0722,0.0019,0.0084,0.9175
52.0,0.0752,0.0021,0.0077,0.915
53.0,0.07805,0.0015,0.0077,0.91275
54.0,0.0811,0.0015,0.00685,0.91055
55.0,0.0841,0.00135,0.00605,0.9085
56.0,0.0865,0.0013,0.00575,0.90645
57.0,0.0893,0.00135,0.00535,0.904
58.0,0.0918,0.00115,0.00515,0.9019
59.0,0.0942,0.0013,0.0043,0.9002
60.0,0.09695,0.0012,0.00405,0.8978
61.0,0.09995,0.0012,0.004,0.89485
62.0,0.10245,0.0013,0.0038,0.89245
63.0,0.10565,0.0011,0.00355,0.8897
64.0,0.1077,0.00095,0.0034,0.88795
65.0,0.1101,0.00135,0.00295,0.8856
66.0,0.1129,0.00125,0.00245,0.8834
67.0,0.11545,0.001,0.0025,0.88105
68.0,0.11895,0.00105,0.0023,0.8777
69.0,0.12195,0.00105,0.0023,0.8747
70.0,0.12465,0.0008,0.0024,0.87215
71.0,0.12705,0.001,0.0021,0.86985
72.0,0.12895,0.0012,0.0022,0.86765
73.0,0.1313,0.0011,0.00215,0.86545
74.0,0.13385,0.0008,0.0024,0.86295
75.0,0.13575,0.00105,0.0021,0.8611
76.0,0.1392,0.00105,0.00205,0.8577
77.0,0.1417,0.001,0.002,0.8553
78.0,0.1438,0.0009,0.00195,0.85335
79.0,0.1466,0.0007,0.00185,0.85085
80.0,0.14885,0.00055,0.00185,0.84875
81.0,0.15145,0.0005,0.00155,0.8465
82.0,0.15365,0.0006,0.00135,0.8444
83.0,0.1558,0.0007,0.0012,0.8423
84.0,0.15855,0.00075,0.00115,0.83955
85.0,0.16175,0.00075,0.00115,0.83635
86.0,0.16375,0.0008,0.0011,0.83435
87.0,0.16555,0.0007,0.0012,0.83255
88.0,0.1684,0.0007,0.0012,0.8297
89.0,0.17025,0.0006,0.00135,0.8278
90.0,0.17225,0.0007,0.00125,0.8258
91.0,0.17405,0.00085,0.00125,0.82385
92.0,0.17665,0.0007,0.00145,0.8212
93.0,0.17885,0.00075,0.0014,0.819
94.0,0.18045,0.00065,0.0014,0.8175
95.0,0.1824,0.00075,0.00145,0.8154
96.0,0.18515,0.00075,0.00135,0.81275
97.0,0.18815,0.0008,0.00125,0.8098
98.0,0.1904,0.0008,0.00125,0.80755
99.0,0.19265,0.0007,0.00145,0.8052
100.0,0.1957,0.00075,0.00145,0.8021
101.0,0.1982,0.00085,0.0014,0.79955
102.0,0.2001,0.00095,0.0011,0.79785
103.0,0.2019,0.0009,0.0011,0.7961
104.0,0.2044,0.001,0.0012,0.7934
105.0,0.20645,0.0011,0.00135,0.7911
106.0,0.20795,0.0012,0.00145,0.7894
107.0,0.20985,0.0014,0.0013,0.78745
108.0,0.2115,0.001,0.00155,0.78595
109.0,0.21325,0.00105,0.00165,0.78405
110.0,0.2161,0.00085,0.0017,0.78135
111.0,0.2184,0.0009,0.00195,0.77875
112.0,0.22085,0.00095,0.00175,0.77645
113.0,0.2226,0.0008,0.00195,0.77465
114.0,0.22495,0.00065,0.0019,0.7725
115.0,0.2264,0.0007,0.00185,0.77105
116.0,0.22825,0.001,0.0018,0.76895
117.0,0.2303,0.00085,0.00195,0.7669
118.0,0.2325,0.00065,0.00205,0.7648
119.0,0.23435,0.0007,0.0021,0.76285
120.0,0.2361,0.00085,0.00185,0.7612
121.0,0.23775,0.00105,0.00165,0.75955
122.0,0.23955,0.0012,0.0016,0.75765
123.0,0.2425,0.001,0.0018,0.7547
124.0,0.2435,0.0012,0.0017,0.7536
125.0,0.2453,0.00115,0.0019,0.75165
126.0,0.2468,0.001,0.00205,0.75015
127.0,0.24835,0.00115,0.0024,0.7481
128.0,0.24995,0.00105,0.00245,0.74655
129.0,0.25245,0.00075,0.00245,0.74435
130.0,0.25435,0.00115,0.00235,0.74215
131.0,0.25595,0.0014,0.0023,0.74035
132.0,0.25775,0.00155,0.0022,0.7385
133.0,0.25925,0.0015,0.00235,0.7369
134.0,0.26045,0.00185,0.0023,0.7354
135.0,0.2623,0.00165,0.00275,0.7333
136.0,0.26345,0.00185,0.0027,0.732
137.0,0.26515,0.00175,0.0029,0.7302
138.0,0.26725,0.0014,0.0031,0.72825
139.0,0.2688,0.0018,0.0029,0.7265
140.0,0.2699,0.0021,0.003,0.725
141.0,0.2712,0.002,0.00345,0.72335
142.0,0.2726,0.0023,0.00365,0.72145
143.0,0.27435,0.0022,0.0041,0.71935
144.0,0.27555,0.00235,0.00415,0.71795
145.0,0.2773,0.0025,0.0042,0.716
146.0,0.27895,0.00265,0.00435,0.71405
147.0,0.27975,0.0027,0.0047,0.71285
148.0,0.28125,0.0027,0.0049,0.71115
149.0,0.28205,0.0035,0.0046,0.70985
150.0,0.2835,0.0034,0.0048,0.7083
151.0,0.28415,0.0038,0.00495,0.7071
152.0,0.285,0.00355,0.00555,0.7059
153.0,0.28645,0.0034,0.0058,0.70435
154.0,0.28685,0.0041,0.0057,0.70335
155.0,0.2869,0.0047,0.0055,0.7029
156.0,0.2873,0.004,0.0064,0.7023
157.0,0.28845,0.00355,0.0073,0.7007
158.0,0.28925,0.0045,0.0067,0.69955
159.0,0.289,0.00555,0.00715,0.6983
160.0,0.2893,0.0061,0.0076,0.697
161.0,0.2893,0.0065,0.00815,0.69605
162.0,0.28955,0.0064,0.0091,0.69495
163.0,0.2895,0.00675,0.01045,0.6933
164.0,0.28905,0.00705,0.011,0.6929
165.0,0.2886,0.0074,0.01225,0.69175
166.0,0.28765,0.00825,0.0131,0.691
167.0,0.2868,0.009,0.01375,0.69045
168.0,0.28585,0.0098,0.0144,0.68995
169.0,0.28435,0.0106,0.01465,0.6904
170.0,0.28365,0.0108,0.01595,0.6896
171.0,0.2822,0.0116,0.01675,0.68945
172.0,0.28045,0.01245,0.0174,0.6897
173.0,0.2781,0.01335,0.0188,0.68975
174.0,0.2762,0.0143,0.0192,0.6903
175.0,0.2741,0.01495,0.01985,0.6911
176.0,0.2719,0.01605,0.0203,0.69175
177.0,0.26955,0.01605,0.02205,0.69235
178.0,0.26695,0.01605,0.0235,0.6935
179.0,0.26365,0.01705,0.02445,0.69485
180.0,0.26195,0.01605,0.02615,0.69585
181.0,0.25835,0.0176,0.02765,0.6964
182.0,0.2565,0.0179,0.0288,0.6968
183.0,0.253,0.0182,0.02985,0.69895
184.0,0.24975,0.0185,0.03035,0.7014
185.0,0.246,0.0193,0.03085,0.70385
186.0,0.24265,0.0202,0.03135,0.7058
187.0,0.23865,0.0209,0.03305,0.7074
188.0,0.23435,0.0222,0.0338,0.70965
189.0,0.23035,0.02265,0.0344,0.7126
190.0,0.2275,0.02185,0.0359,0.71475
191.0,0.22345,0.02085,0.0372,0.7185
192.0,0.21995,0.02165,0.0382,0.7202
193.0,0.2164,0.02245,0.03875,0.7224
194.0,0.21305,0.0216,0.0415,0.72385
195.0,0.20905,0.02225,0.04165,0.72705
196.0,0.2053,0.0219,0.0427,0.7301
197.0,0.2011,0.0224,0.0437,0.7328
198.0,0.19815,0.02265,0.044,0.7352
199.0,0.19435,0.02335,0.0436,0.7387
200.0,0.1892,0.0246,0.04405,0.74215
201.0,0.18565,0.0249,0.0441,0.74535
202.0,0.18245,0.02375,0.04485,0.74895
203.0,0.1796,0.02195,0.0457,0.75275
204.0,0.17645,0.02205,0.04595,0.75555
205.0,0.1727,0.02365,0.04545,0.7582
206.0,0.1704,0.02205,0.04635,0.7612
207.0,0.16705,0.02175,0.0469,0.7643
208.0,0.16345,0.02235,0.0464,0.7678
209.0,0.16185,0.0209,0.04645,0.7708
210.0,0.1597,0.02115,0.04555,0.7736
211.0,0.1574,0.02105,0.0439,0.77765
212.0,0.1562,0.02,0.04365,0.78015
213.0,0.15485,0.0196,0.04275,0.7828
214.0,0.1536,0.01945,0.04195,0.785
215.0,0.15195,0.0183,0.04235,0.7874
216.0,0.1512,0.018,0.0413,0.7895
217.0,0.1501,0.018,0.0407,0.7912
218.0,0.14925,0.01855,0.0387,0.7935
219.0,0.1479,0.0177,0.03835,0.79605
220.0,0.1471,0.01685,0.0382,0.79785
221.0,0.14655,0.0169,0.0377,0.79885
222.0,0.1461,0.0158,0.03795,0.80015
223.0,0.14445,0.0166,0.03725,0.8017
224.0,0.14405,0.01565,0.03655,0.80375
225.0,0.14335,0.0158,0.03675,0.8041
226.0,0.1436,0.01585,0.03585,0.8047
227.0,0.14375,0.0147,0.0356,0.80595
228.0,0.1446,0.01445,0.03375,0.8072
229.0,0.1441,0.01395,0.0336,0.80835
230.0,0.14455,0.0139,0.03315,0.8084
231.0,0.14575,0.01285,0.0334,0.808
232.0,0.1459,0.0127,0.0332,0.8082
233.0,0.1466,0.01325,0.03195,0.8082
234.0,0.14755,0.0133,0.0308,0.80835
235.0,0.14815,0.0123,0.0311,0.80845
236.0,0.1478,0.0129,0.03005,0.80925
237.0,0.14775,0.01315,0.0291,0.81
238.0,0.1474,0.01295,0.03035,0.8093
239.0,0.1478,0.0132,0.0305,0.8085
240.0,0.1482,0.01315,0.029,0.80965
241.0,0.1502,0.01245,0.0283,0.80905
242.0,0.1518,0.0123,0.02755,0.80835
243.0,0.15315,0.01115,0.0281,0.8076
244.0,0.15315,0.01175,0.0276,0.8075
245.0,0.1533,0.01235,0.02665,0.8077
246.0,0.1549,0.012,0.02625,0.80685
247.0,0.15575,0.0127,0.0257,0.80585
248.0,0.15705,0.0116,0.02575,0.8056
249.0,0.15755,0.01145,0.02565,0.80535
250.0,0.1589,0.01195,0.02545,0.8037
251.0,0.1594,0.0116,0.02505,0.80395
252.0,0.1604,0.01145,0.02435,0.8038
253.0,0.1631,0.01095,0.0235,0.80245
254.0,0.16495,0.01075,0.02275,0.80155
255.0,0.1664,0.0103,0.02215,0.80115
256.0,0.16835,0.0108,0.02185,0.799
257.0,0.1692,0.011,0.02225,0.79755
258.0,0.17115,0.0103,0.02315,0.7954
259.0,0.17275,0.0099,0.0231,0.79425
260.0,0.1745,0.01015,0.02175,0.7936
261.0,0.17655,0.0104,0.0212,0.79185
262.0,0.17825,0.0104,0.02055,0.7908
263.0,0.17995,0.0101,0.0209,0.78905
264.0,0.1818,0.01045,0.02125,0.7865
265.0,0.1841,0.01025,0.0209,0.78475
266.0,0.1849,0.0111,0.0201,0.7839
267.0,0.1859,0.01135,0.02,0.78275
268.0,0.18765,0.0111,0.0208,0.78045
269.0,0.1887,0.01095,0.02145,0.7789
270.0,0.18905,0.01105,0.0211,0.7788
271.0,0.1905,0.01115,0.0216,0.77675
272.0,0.1919,0.01125,0.02175,0.7751
273.0,0.19375,0.0114,0.02125,0.7736
274.0,0.1953,0.01105,0.02155,0.7721
275.0,0.19545,0.0113,0.02165,0.7716
276.0,0.1967,0.01175,0.0222,0.76935
277.0,0.19825,0.01145,0.02205,0.76825
278.0,0.19945,0.01145,0.02175,0.76735
279.0,0.2002,0.0112,0.0223,0.7663
280.0,0.2008,0.01125,0.02165,0.7663
281.0,0.2028,0.0109,0.02255,0.76375
282.0,0.20325,0.01145,0.02245,0.76285
283.0,0.20525,0.0112,0.02275,0.7608
284.0,0.2064,0.01205,0.02295,0.7586
285.0,0.2069,0.01245,0.02225,0.7584
286.0,0.2081,0.01315,0.022,0.75675
287.0,0.2089,0.01235,0.02325,0.7555
288.0,0.20975,0.01185,0.02445,0.75395
289.0,0.20915,0.01335,0.02415,0.75335
290.0,0.20945,0.0129,0.02435,0.7533
291.0,0.2102,0.01335,0.0252,0.75125
292.0,0.21105,0.01345,0.026,0.7495
293.0,0.21055,0.0141,0.02615,0.7492
294.0,0.2104,0.0147,0.02695,0.74795
295.0,0.2097,0.0147,0.027,0.7486
296.0,0.2083,0.017,0.02715,0.74755
297.0,0.20815,0.016,0.02905,0.7468
298.0,0.20845,0.0162,0.0299,0.74545
299.0,0.2094,0.016,0.03015,0.74445
300.0,0.20795,0.0172,0.0307,0.74415
301.0,0.20715,0.0171,0.031,0.74475
302.0,0.2061,0.0163,0.0328,0.7448
303.0,0.20495,0.0167,0.0343,0.74405
304.0,0.204,0.018,0.0346,0.7434
305.0,0.2023,0.0184,0.03555,0.74375
306.0,0.2,0.01975,0.03605,0.7442
307.0,0.19875,0.02075,0.0358,0.7447
308.0,0.1976,0.0209,0.0364,0.7451
309.0,0.19625,0.0209,0.03715,0.7457
310.0,0.19515,0.0209,0.0377,0.74625
311.0,0.1927,0.0224,0.03775,0.74715
312.0,0.19185,0.02235,0.0377,0.7481
313.0,0.19075,0.0217,0.0398,0.74775
314.0,0.18945,0.02105,0.0405,0.749
315.0,0.1874,0.0224,0.04005,0.75015
316.0,0.1881,0.02045,0.0406,0.75085
317.0,0.18695,0.02,0.04035,0.7527
318.0,0.18565,0.01995,0.04085,0.75355
319.0,0.18405,0.02035,0.04105,0.75455
320.0,0.1833,0.0196,0.04205,0.75505
321.0,0.18195,0.0199,0.04215,0.756
322.0,0.18165,0.0206,0.04125,0.7565
323.0,0.18075,0.01985,0.042,0.7574
324.0,0.17835,0.02025,0.0421,0.7593
325.0,0.17785,0.0194,0.04235,0.7604
326.0,0.1775,0.0192,0.042,0.7613
327.0,0.1767,0.01915,0.04155,0.7626
328.0,0.17545,0.0196,0.041,0.76395
329.0,0.17485,0.01955,0.0413,0.7643
330.0,0.17265,0.0201,0.0404,0.76685
331.0,0.17245,0.01825,0.04085,0.76845
332.0,0.17145,0.01905,0.04015,0.76935
333.0,0.17075,0.0185,0.0395,0.77125
334.0,0.17075,0.01855,0.0394,0.7713
335.0,0.1708,0.01805,0.0391,0.77205
336.0,0.1697,0.0185,0.03895,0.77285
337.0,0.1701,0.01735,0.0392,0.77335
338.0,0.16965,0.01795,0.03775,0.77465
339.0,0.17065,0.0176,0.03705,0.7747
340.0,0.17125,0.01755,0.037,0.7742
341.0,0.1709,0.0168,0.03685,0.77545
342.0,0.17155,0.01705,0.0368,0.7746
343.0,0.17195,0.0168,0.03695,0.7743
344.0,0.1712,0.01625,0.03695,0.7756
345.0,0.1703,0.0174,0.03545,0.77685
346.0,0.17055,0.0184,0.0341,0.77695
347.0,0.1712,0.01695,0.0341,0.77775
348.0,0.172,0.01655,0.0338,0.77765
349.0,0.17345,0.01665,0.0336,0.7763
350.0,0.17445,0.01615,0.03535,0.77405
351.0,0.1746,0.0154,0.03535,0.77465
352.0,0.1743,0.01585,0.03445,0.7754
353.0,0.1746,0.0156,0.03515,0.77465
354.0,0.17535,0.0152,0.03495,0.7745
355.0,0.17605,0.0157,0.03395,0.7743
356.0,0.1755,0.016,0.0335,0.775
357.0,0.1764,0.0164,0.03235,0.77485
358.0,0.1775,0.0161,0.0325,0.7739
359.0,0.1778,0.0166,0.0327,0.7729
360.0,0.17835,0.0165,0.03245,0.7727
361.0,0.1796,0.0152,0.03225,0.77295
362.0,0.18,0.01495,0.0324,0.77265
363.0,0.1807,0.01555,0.03235,0.7714
364.0,0.1828,0.01465,0.03205,0.7705
365.0,0.18395,0.01505,0.03145,0.76955
366.0,0.1841,0.0154,0.03115,0.76935
367.0,0.18495,0.01485,0.0312,0.769
368.0,0.18465,0.0146,0.03265,0.7681
369.0,0.18435,0.0143,0.0331,0.76825
370.0,0.1841,0.01505,0.03185,0.769
371.0,0.18475,0.0138,0.03265,0.7688
372.0,0.18465,0.01425,0.0318,0.7693
373.0,0.1842,0.01535,0.03105,0.7694
374.0,0.1846,0.01565,0.03085,0.7689
375.0,0.18525,0.0159,0.03135,0.7675
376.0,0.18585,0.01555,0.03195,0.76665
377.0,0.18695,0.01565,0.0322,0.7652
378.0,0.1884,0.0155,0.03125,0.76485
379.0,0.1879,0.01685,0.031,0.76425
380.0,0.1886,0.01635,0.03115,0.7639
381.0,0.18845,0.0162,0.03165,0.7637
382.0,0.18915,0.01675,0.032,0.7621
383.0,0.18785,0.0181,0.0321,0.76195
384.0,0.18905,0.017,0.03315,0.7608
385.0,0.18925,0.01715,0.03305,0.76055
386.0,0.1897,0.0165,0.0327,0.7611
387.0,0.19025,0.01645,0.03265,0.76065
388.0,0.191,0.01605,0.03215,0.7608
389.0,0.1907,0.01565,0.0328,0.76085
390.0,0.1913,0.01565,0.0321,0.76095
391.0,0.19245,0.0158,0.03255,0.7592
392.0,0.19235,0.0159,0.0331,0.75865
393.0,0.1923,0.0163,0.03335,0.75805
394.0,0.19275,0.0161,0.03375,0.7574
395.0,0.19215,0.01765,0.03335,0.75685
396.0,0.19105,0.0182,0.03355,0.7572
397.0,0.1889,0.0198,0.0337,0.7576
398.0,0.18875,0.02015,0.0345,0.7566
399.0,0.1873,0.01945,0.0364,0.75685
400.0,0.186,0.01965,0.03595,0.7584
401.0,0.1853,0.02,0.0368,0.7579
402.0,0.18465,0.01915,0.0381,0.7581
403.0,0.18355,0.01875,0.03885,0.75885
404.0,0.1832,0.01725,0.0391,0.76045
405.0,0.18315,0.01755,0.03925,0.76005
406.0,0.183,0.0189,0.03815,0.75995
407.0,0.18325,0.01835,0.03845,0.75995
408.0,0.18325,0.01905,0.03755,0.76015
409.0,0.18355,0.019,0.03715,0.7603
410.0,0.1824,0.0197,0.03585,0.76205
411.0,0.1824,0.0193,0.037,0.7613
412.0,0.18195,0.01935,0.03725,0.76145
413.0,0.18205,0.01955,0.03715,0.76125
414.0,0.182,0.0185,0.0377,0.7618
415.0,0.1817,0.01845,0.03755,0.7623
416.0,0.18255,0.01725,0.03755,0.76265
417.0,0.18225,0.017,0.03675,0.764
418.0,0.1821,0.01905,0.0353,0.76355
419.0,0.18095,0.01925,0.0366,0.7632
420.0,0.1797,0.01905,0.03695,0.7643
421.0,0.1808,0.01835,0.0378,0.76305
422.0,0.18035,0.01845,0.0369,0.7643
423.0,0.1799,0.0179,0.0369,0.7653
424.0,0.1799,0.01735,0.0373,0.76545
425.0,0.17985,0.0161,0.038,0.76605
426.0,0.1798,0.0167,0.0365,0.767
427.0,0.17965,0.01745,0.0359,0.767
428.0,0.1792,0.0181,0.0355,0.7672
429.0,0.1787,0.01775,0.03535,0.7682
430.0,0.1788,0.0176,0.03505,0.76855
431.0,0.17955,0.01755,0.03515,0.76775
432.0,0.18025,0.01725,0.0348,0.7677
433.0,0.17995,0.01695,0.0351,0.768
434.0,0.1797,0.0168,0.03555,0.76795
435.0,0.17975,0.01595,0.03595,0.76835
436.0,0.18005,0.01585,0.035,0.7691
437.0,0.17935,0.0154,0.03625,0.769
438.0,0.1788,0.0157,0.0364,0.7691
439.0,0.1787,0.01655,0.0357,0.76905
440.0,0.1792,0.01625,0.035,0.76955
441.0,0.1796,0.01605,0.03475,0.7696
442.0,0.1791,0.0155,0.03445,0.77095
443.0,0.17935,0.01555,0.03465,0.77045
444.0,0.17915,0.0163,0.0337,0.77085
445.0,0.1795,0.01575,0.03405,0.7707
446.0,0.17895,0.0163,0.03355,0.7712
447.0,0.17795,0.01665,0.03305,0.77235
448.0,0.17705,0.0162,0.03365,0.7731
449.0,0.17565,0.0169,0.0334,0.77405
450.0,0.1755,0.018,0.03355,0.77295
451.0,0.1756,0.0175,0.0345,0.7724
452.0,0.17475,0.01825,0.03475,0.77225
453.0,0.17575,0.0172,0.0354,0.77165
454.0,0.1756,0.0172,0.0358,0.7714
455.0,0.17445,0.01785,0.0359,0.7718
456.0,0.17435,0.0174,0.0367,0.77155
457.0,0.174,0.01715,0.03735,0.7715
458.0,0.1743,0.0169,0.0363,0.7725
459.0,0.1743,0.0176,0.03545,0.77265
460.0,0.17415,0.01695,0.0355,0.7734
461.0,0.17465,0.0162,0.03605,0.7731
462.0,0.174,0.016,0.03605,0.77395
463.0,0.17445,0.01605,0.03555,0.77395
464.0,0.17405,0.01625,0.03485,0.77485
465.0,0.17415,0.017,0.0339,0.77495
466.0,0.17365,0.018,0.03335,0.775
467.0,0.17275,0.0167,0.03405,0.7765
468.0,0.17285,0.01685,0.0344,0.7759
469.0,0.17235,0.01685,0.03395,0.77685
470.0,0.1725,0.0164,0.0341,0.777
471.0,0.17375,0.0162,0.03335,0.7767
472.0,0.17405,0.0166,0.03235,0.777
473.0,0.1744,0.01665,0.03305,0.7759
474.0,0.1745,0.01625,0.03385,0.7754
475.0,0.17395,0.0169,0.0345,0.77465
476.0,0.17405,0.017,0.0337,0.77525
477.0,0.1748,0.01635,0.03505,0.7738
478.0,0.17555,0.01635,0.03415,0.77395
479.0,0.17565,0.0166,0.03355,0.7742
480.0,0.17635,0.0163,0.0333,0.77405
481.0,0.17645,0.01655,0.0329,0.7741
482.0,0.17605,0.017,0.03325,0.7737
483.0,0.1758,0.017,0.0329,0.7743
484.0,0.17695,0.01635,0.0326,0.7741
485.0,0.17705,0.01565,0.03315,0.77415
486.0,0.17575,0.0166,0.03345,0.7742
487.0,0.1762,0.01635,0.0329,0.77455
488.0,0.17585,0.0172,0.03255,0.7744
489.0,0.17565,0.01655,0.03285,0.77495
490.0,0.1765,0.01625,0.0324,0.77485
491.0,0.17695,0.0161,0.0322,0.77475
492.0,0.1782,0.0161,0.0325,0.7732
493.0,0.1793,0.01525,0.03225,0.7732
494.0,0.1793,0.0151,0.03255,0.77305
495.0,0.18015,0.0149,0.03215,0.7728
496.0,0.1799,0.01525,0.0326,0.77225
497.0,0.17995,0.01515,0.03335,0.77155
498.0,0.1815,0.01515,0.0325,0.77085
499.0,0.1821,0.0157,0.0324,0.7698
500.0,0.18195,0.0157,0.0329,0.76945
501.0,0.18255,0.0156,0.0329,0.76895
502.0,0.1829,0.0159,0.03275,0.76845
503.0,0.18215,0.01665,0.03225,0.76895
504.0,0.1825,0.01595,0.0322,0.76935
505.0,0.18295,0.0157,0.0317,0.76965
506.0,0.1835,0.01525,0.031,0.77025
507.0,0.185,0.01495,0.03085,0.7692
508.0,0.18605,0.01465,0.03095,0.76835
509.0,0.18715,0.0146,0.03045,0.7678
510.0,0.18675,0.01585,0.03045,0.76695
511.0,0.1861,0.0161,0.0317,0.7661
512.0,0.18705,0.016,0.0322,0.76475
513.0,0.18675,0.01695,0.0319,0.7644
514.0,0.1864,0.0162,0.03225,0.76515
515.0,0.1868,0.01605,0.0329,0.76425
516.0,0.18755,0.0163,0.0332,0.76295
517.0,0.1875,0.01625,0.03305,0.7632
518.0,0.1877,0.0162,0.0336,0.7625
519.0,0.18745,0.01775,0.0319,0.7629
520.0,0.18805,0.01765,0.03175,0.76255
521.0,0.1894,0.01675,0.0321,0.76175
522.0,0.1907,0.0166,0.03285,0.75985
523.0,0.1898,0.01725,0.0328,0.76015
524.0,0.1892,0.01835,0.03295,0.7595
525.0,0.1878,0.0197,0.03305,0.75945
526.0,0.18745,0.0198,0.03325,0.7595
527.0,0.188,0.01935,0.03425,0.7584
528.0,0.18885,0.0178,0.0357,0.75765
529.0,0.18855,0.0169,0.03645,0.7581
530.0,0.18745,0.0181,0.0352,0.75925
531.0,0.18795,0.01665,0.0358,0.7596
532.0,0.1884,0.0167,0.03535,0.75955
533.0,0.18915,0.01555,0.0355,0.7598
534.0,0.18875,0.01625,0.03455,0.76045
535.0,0.18995,0.01615,0.03445,0.75945
536.0,0.19015,0.01605,0.03405,0.75975
537.0,0.18995,0.01725,0.034,0.7588
538.0,0.191,0.0167,0.0342,0.7581
539.0,0.1901,0.01765,0.03485,0.7574
540.0,0.18985,0.01775,0.03565,0.75675
541.0,0.19085,0.01725,0.0348,0.7571
542.0,0.1902,0.01695,0.03475,0.7581
543.0,0.189,0.01765,0.035,0.75835
544.0,0.18795,0.01785,0.03545,0.75875
545.0,0.18845,0.0172,0.03695,0.7574
546.0,0.18835,0.018,0.03645,0.7572
547.0,0.18805,0.01825,0.03575,0.75795
548.0,0.1877,0.01795,0.03675,0.7576
549.0,0.1853,0.0179,0.03725,0.75955
550.0,0.18425,0.01855,0.03725,0.75995
551.0,0.18385,0.01865,0.03625,0.76125
552.0,0.1829,0.01855,0.03635,0.7622
553.0,0.1819,0.0187,0.037,0.7624
554.0,0.18225,0.01885,0.0365,0.7624
555.0,0.1829,0.0179,0.03855,0.76065
556.0,0.1838,0.01885,0.038,0.75935
557.0,0.18345,0.01855,0.0381,0.7599
558.0,0.18395,0.01795,0.03915,0.75895
559.0,0.1836,0.0188,0.0384,0.7592
560.0,0.18285,0.01875,0.03895,0.75945
561.0,0.1816,0.01915,0.03875,0.7605
562.0,0.1818,0.01805,0.0393,0.76085
563.0,0.1817,0.01795,0.0392,0.76115
564.0,0.18115,0.01905,0.03775,0.76205
565.0,0.1815,0.01915,0.0382,0.76115
566.0,0.18135,0.01955,0.0382,0.7609
567.0,0.182,0.0183,0.0382,0.7615
568.0,0.18175,0.0183,0.03755,0.7624
569.0,0.1824,0.0184,0.03775,0.76145
570.0,0.18135,0.01735,0.03915,0.76215
571.0,0.18155,0.0176,0.03815,0.7627
572.0,0.18175,0.01825,0.0371,0.7629
573.0,0.18165,0.01745,0.0368,0.7641
574.0,0.1798,0.0182,0.03625,0.76575
575.0,0.18055,0.01765,0.0362,0.7656
576.0,0.18105,0.0171,0.03635,0.7655
577.0,0.18145,0.0172,0.0358,0.76555
578.0,0.18125,0.0172,0.03715,0.7644
579.0,0.1816,0.01595,0.0375,0.76495
580.0,0.1824,0.01515,0.0379,0.76455
581.0,0.18165,0.0152,0.0369,0.76625
582.0,0.18055,0.01675,0.03575,0.76695
583.0,0.18045,0.01695,0.03555,0.76705
584.0,0.18035,0.0171,0.0357,0.76685
585.0,0.1817,0.01685,0.03555,0.7659
586.0,0.1823,0.0174,0.03375,0.76655
587.0,0.18315,0.01685,0.03495,0.76505
588.0,0.18465,0.01625,0.03445,0.76465
589.0,0.1847,0.0161,0.03415,0.76505
590.0,0.1837,0.01735,0.03425,0.7647
591.0,0.18325,0.0168,0.03505,0.7649
592.0,0.18185,0.0175,0.0353,0.76535
593.0,0.18185,0.0172,0.0351,0.76585
594.0,0.1829,0.01665,0.03515,0.7653
595.0,0.1851,0.01545,0.0346,0.76485
596.0,0.186,0.0161,0.03395,0.76395
597.0,0.1857,0.01615,0.0343,0.76385
598.0,0.18555,0.0163,0.0337,0.76445
599.0,0.1853,0.0156,0.03445,0.76465
600.0,0.18565,0.0166,0.03355,0.7642
601.0,0.1866,0.01735,0.03225,0.7638
602.0,0.18555,0.0174,0.03345,0.7636
603.0,0.1863,0.0166,0.034,0.7631
604.0,0.1868,0.0162,0.03405,0.76295
605.0,0.18675,0.01585,0.034,0.7634
606.0,0.18585,0.01725,0.03345,0.76345
607.0,0.18575,0.01805,0.03265,0.76355
608.0,0.1855,0.01825,0.0337,0.76255
609.0,0.1858,0.0174,0.0342,0.7626
610.0,0.18565,0.017,0.0361,0.76125
611.0,0.18615,0.01765,0.03625,0.75995
612.0,0.1865,0.01675,0.0359,0.76085
613.0,0.18635,0.0176,0.03535,0.7607
614.0,0.18585,0.0192,0.03545,0.7595
615.0,0.1857,0.01855,0.03565,0.7601
616.0,0.18535,0.01805,0.03615,0.76045
617.0,0.18535,0.0194,0.0353,0.75995
618.0,0.1868,0.01995,0.03475,0.7585
619.0,0.18595,0.019,0.03565,0.7594
620.0,0.18675,0.01805,0.0367,0.7585
621.0,0.18635,0.0185,0.0365,0.75865
622.0,0.18565,0.01935,0.0374,0.7576
623.0,0.18595,0.0179,0.0381,0.75805
624.0,0.18545,0.0187,0.0379,0.75795
625.0,0.18515,0.0184,0.03855,0.7579
626.0,0.1857,0.0178,0.0382,0.7583
627.0,0.18485,0.0178,0.03695,0.7604
628.0,0.18455,0.01855,0.0367,0.7602
629.0,0.18295,0.0205,0.0361,0.76045
630.0,0.1827,0.01945,0.0372,0.76065
631.0,0.18225,0.01925,0.03725,0.76125
632.0,0.18215,0.01925,0.0368,0.7618
633.0,0.1823,0.01855,0.0372,0.76195
634.0,0.1817,0.01845,0.0382,0.76165
635.0,0.1814,0.0196,0.0383,0.7607
636.0,0.18015,0.01935,0.0395,0.761
637.0,0.18005,0.01815,0.04035,0.76145
638.0,0.1797,0.01815,0.0398,0.76235
639.0,0.17925,0.01885,0.0394,0.7625
640.0,0.1794,0.01865,0.0394,0.76255
641.0,0.1784,0.0183,0.0389,0.7644
642.0,0.1788,0.01805,0.0385,0.76465
643.0,0.1777,0.0183,0.03835,0.76565
644.0,0.1767,0.01955,0.0378,0.76595
645.0,0.17675,0.0198,0.0372,0.76625
646.0,0.1769,0.0184,0.03815,0.76655
647.0,0.17795,0.01755,0.03875,0.76575
648.0,0.17675,0.0182,0.0391,0.76595
649.0,0.17525,0.01935,0.03875,0.76665
650.0,0.17445,0.019,0.03985,0.7667
651.0,0.17445,0.01855,0.03935,0.76765
652.0,0.17445,0.0185,0.03795,0.7691
653.0,0.1743,0.0182,0.0391,0.7684
654.0,0.17475,0.0181,0.0387,0.76845
655.0,0.1728,0.01845,0.03885,0.7699
656.0,0.17165,0.0189,0.0384,0.77105
657.0,0.1722,0.0191,0.0362,0.7725
658.0,0.1727,0.01865,0.03645,0.7722
659.0,0.1729,0.019,0.0358,0.7723
660.0,0.1721,0.01925,0.0355,0.77315
661.0,0.1716,0.01785,0.03635,0.7742
662.0,0.1716,0.01775,0.0364,0.77425
663.0,0.1717,0.0182,0.03605,0.77405
664.0,0.17315,0.01815,0.0365,0.7722
665.0,0.173,0.01805,0.0365,0.77245
666.0,0.17335,0.01815,0.0373,0.7712
667.0,0.17395,0.01755,0.03685,0.77165
668.0,0.1733,0.0177,0.037,0.772
669.0,0.1733,0.01795,0.03665,0.7721
670.0,0.17375,0.01715,0.0366,0.7725
671.0,0.1727,0.01835,0.03715,0.7718
672.0,0.17285,0.0176,0.0382,0.77135
673.0,0.1714,0.01885,0.0382,0.77155
674.0,0.17035,0.01975,0.03635,0.77355
675.0,0.1703,0.01905,0.03665,0.774
676.0,0.17035,0.01775,0.03685,0.77505
677.0,0.1699,0.0172,0.03725,0.77565
678.0,0.17085,0.0168,0.0366,0.77575
679.0,0.17085,0.0174,0.03635,0.7754
680.0,0.1707,0.0168,0.0368,0.7757
681.0,0.17125,0.016,0.03615,0.7766
682.0,0.17165,0.0157,0.0357,0.77695
683.0,0.17265,0.01515,0.0348,0.7774
684.0,0.17255,0.0151,0.03445,0.7779
685.0,0.1735,0.01515,0.03435,0.777
686.0,0.17425,0.01485,0.0331,0.7778
687.0,0.1761,0.01425,0.0329,0.77675
688.0,0.1768,0.0143,0.03255,0.77635
689.0,0.1773,0.01485,0.03195,0.7759
690.0,0.179,0.01415,0.03235,0.7745
691.0,0.1803,0.0145,0.0317,0.7735
692.0,0.1804,0.01525,0.03085,0.7735
693.0,0.1797,0.0158,0.03135,0.77315
694.0,0.1807,0.0158,0.0316,0.7719
695.0,0.1811,0.01645,0.0305,0.77195
696.0,0.18215,0.01665,0.03085,0.77035
697.0,0.1837,0.0147,0.0328,0.7688
698.0,0.1851,0.0142,0.0332,0.7675
699.0,0.18555,0.0143,0.03205,0.7681
700.0,0.184,0.01635,0.0317,0.76795
701.0,0.18425,0.01565,0.0327,0.7674
702.0,0.18355,0.0157,0.03395,0.7668
703.0,0.18405,0.0165,0.03215,0.7673
704.0,0.18455,0.0162,0.03215,0.7671
705.0,0.18455,0.01605,0.0325,0.7669
706.0,0.1845,0.0154,0.03365,0.76645
707.0,0.1847,0.0159,0.03325,0.76615
708.0,0.1845,0.0162,0.034,0.7653
709.0,0.1847,0.0167,0.03395,0.76465
710.0,0.184,0.0183,0.03265,0.76505
711.0,0.1842,0.018,0.033,0.7648
712.0,0.1857,0.01695,0.0343,0.76305
713.0,0.1868,0.01735,0.03325,0.7626
714.0,0.18585,0.0179,0.0334,0.76285
715.0,0.18515,0.01785,0.0337,0.7633
716.0,0.18435,0.01805,0.03375,0.76385
717.0,0.18465,0.0183,0.03315,0.7639
718.0,0.1844,0.01815,0.0327,0.76475
719.0,0.18515,0.0174,0.0334,0.76405
720.0,0.1844,0.0173,0.03455,0.76375
721.0,0.1853,0.0175,0.03325,0.76395
722.0,0.1846,0.0174,0.03365,0.76435
723.0,0.1848,0.0169,0.035,0.7633
724.0,0.185,0.01695,0.03515,0.7629
725.0,0.18445,0.0166,0.0358,0.76315
726.0,0.18475,0.016,0.0355,0.76375
727.0,0.1841,0.017,0.0357,0.7632
728.0,0.18325,0.01775,0.03625,0.76275
729.0,0.18155,0.019,0.03525,0.7642
730.0,0.18115,0.01985,0.03505,0.76395
