time,propSusceptible,propExposed,propInfected,propRecovered
0.0,0.9,0.0,0.1,0.0
1.0,0.84085,0.05915,0.06585,0.03415
2.0,0.7944,0.08895,0.07365,0.043
3.0,0.7447,0.11235,0.0899,0.05305
4.0,0.68785,0.13695,0.11005,0.06515
5.0,0.6243,0.1637,0.13165,0.08035
6.0,0.55725,0.18605,0.1584,0.0983
7.0,0.4859,0.20495,0.1888,0.12035
8.0,0.41555,0.21625,0.2231,0.1451
9.0,0.34685,0.22505,0.2527,0.1754
10.0,0.2802,0.22915,0.28265,0.208
11.0,0.2224,0.22195,0.3096,0.24605
12.0,0.17475,0.20595,0.3331,0.2862
13.0,0.13575,0.18895,0.34585,0.32945
14.0,0.102,0.1684,0.3551,0.3745
15.0,0.0789,0.14455,0.3564,0.42015
16.0,0.0607,0.12125,0.34925,0.4688
17.0,0.04655,0.1031,0.3363,0.51405
18.0,0.03855,0.0829,0.32055,0.558
19.0,0.03175,0.06855,0.30035,0.59935
20.0,0.02715,0.05505,0.27855,0.63925
21.0,0.02395,0.0451,0.25505,0.6759
22.0,0.0209,0.0359,0.2338,0.7094
23.0,0.01995,0.0284,0.2115,0.74015
24.0,0.01965,0.0227,0.1911,0.76655
25.0,0.0193,0.0191,0.1715,0.7901
26.0,0.01955,0.0156,0.15415,0.8107
27.0,0.0204,0.0135,0.13825,0.82785
28.0,0.02195,0.01025,0.12315,0.84465
29.0,0.02385,0.008,0.1082,0.85995
30.0,0.0246,0.0078,0.0948,0.8728
31.0,0.02635,0.00655,0.08505,0.88205
32.0,0.02735,0.0061,0.07495,0.8916
33.0,0.02855,0.00485,0.06715,0.89945
34.0,0.03085,0.00395,0.05925,0.90595
35.0,0.03315,0.0037,0.05325,0.9099
36.0,0.0351,0.0038,0.0468,0.9143
37.0,0.0373,0.0039,0.0407,0.9181
38.0,0.04,0.0034,0.03555,0.92105
39.0,0.04285,0.00315,0.0315,0.9225
40.0,0.0461,0.00325,0.0274,0.92325
41.0,0.0487,0.00355,0.02475,0.923
42.0,0.05155,0.0035,0.022,0.92295
43.0,0.0538,0.00315,0.01975,0.9233
44.0,0.05615,0.0033,0.0178,0.92275
45.0,0.05905,0.00295,0.01595,0.92205
46.0,0.06125,0.00285,0.0144,0.9215
47.0,0.06415,0.00245,0.01345,0.91995
48.0,0.06725,0.0024,0.0117,0.91865
49.0,0.0696,0.0024,0.0104,0.9176
50.0,0.07225,0.0024,0.00975,0.9156
51.0,0.0749,0.0021,0.0093,0.9137
52.0,0.0784,0.00175,0.0085,0.91135
53.0,0.08105,0.0015,0.00755,0.9099
54.0,0.08335,0.0014,0.0067,0.90855
55.0,0.0865,0.00135,0.0058,0.90635
56.0,0.0893,0.001,0.0052,0.9045
57.0,0.09215,0.001,0.0048,0.90205
58.0,0.09495,0.0008,0.00415,0.9001
59.0,0.09805,0.00075,0.00355,0.89765
60.0,0.1004,0.0008,0.0033,0.8955
61.0,0.1031,0.00085,0.00295,0.8931
62.0,0.1063,0.00115,0.0027,0.88985
63.0,0.1087,0.00105,0.0026,0.88765
64.0,0.1116,0.0009,0.00265,0.88485
65.0,0.1145,0.0008,0.00245,0.88225
66.0,0.11685,0.00095,0.00235,0.87985
67.0,0.1194,0.00105,0.0023,0.87725
68.0,0.12255,0.0008,0.0022,0.87445
69.0,0.12535,0.00075,0.00225,0.87165
70.0,0.12835,0.0009,0.0023,0.86845
71.0,0.131,0.001,0.002,0.866
72.0,0.13365,0.0008,0.00225,0.8633
73.0,0.1368,0.0009,0.0021,0.8602
74.0,0.139,0.00085,0.00215,0.858
75.0,0.14115,0.00095,0.00205,0.85585
76.0,0.1433,0.00075,0.002,0.85395
77.0,0.14515,0.00075,0.0019,0.8522
78.0,0.1471,0.00095,0.00185,0.8501
79.0,0.14965,0.00075,0.0018,0.8478
80.0,0.1521,0.0008,0.00185,0.84525
81.0,0.1545,0.00085,0.0017,0.84295
82.0,0.1568,0.00085,0.00155,0.8408
83.0,0.1596,0.00065,0.0016,0.83815
84.0,0.16195,0.00065,0.0015,0.8359
85.0,0.1637,0.0008,0.0016,0.8339
86.0,0.16625,0.0008,0.00165,0.8313
87.0,0.16855,0.00065,0.0017,0.8291
88.0,0.1707,0.00055,0.00165,0.8271
89.0,0.1735,0.00045,0.00145,0.8246
90.0,0.1757,0.00045,0.00135,0.8225
91.0,0.17805,0.0005,0.0011,0.82035
92.0,0.18035,0.00035,0.0011,0.8182
93.0,0.1823,0.00035,0.00105,0.8163
94.0,0.18475,0.00025,0.00105,0.81395
95.0,0.187,0.00015,0.00115,0.8117
96.0,0.18905,0.0002,0.0011,0.80965
97.0,0.1909,0.00035,0.00095,0.8078
98.0,0.1923,0.00045,0.0007,0.80655
99.0,0.1947,0.0004,0.0007,0.8042
100.0,0.1968,0.00075,0.00065,0.8018
101.0,0.1993,0.00045,0.0009,0.79935
102.0,0.20135,0.00035,0.00085,0.79745
103.0,0.20375,0.00035,0.0008,0.7951
104.0,0.20615,0.0004,0.0006,0.79285
105.0,0.2086,0.00035,0.00055,0.7905
106.0,0.21165,0.0003,0.00055,0.7875
107.0,0.2136,0.0004,0.00045,0.78555
108.0,0.2157,0.0005,0.0002,0.7836
109.0,0.21765,0.0005,0.0003,0.78155
110.0,0.2195,0.00045,0.0004,0.77965
111.0,0.22135,0.0006,0.00035,0.7777
112.0,0.2234,0.0004,0.00055,0.77565
113.0,0.2258,0.00045,0.0006,0.77315
114.0,0.2281,0.0004,0.00055,0.77095
115.0,0.2302,0.00035,0.0004,0.76905
116.0,0.23235,0.0004,0.00035,0.7669
117.0,0.23515,0.00025,0.00045,0.76415
118.0,0.23745,0.0003,0.00035,0.7619
119.0,0.23935,0.0002,0.00035,0.7601
120.0,0.2418,0.0002,0.00035,0.75765
121.0,0.24395,0.0002,0.0004,0.75545
122.0,0.24635,0.0002,0.0004,0.75305
123.0,0.24865,0.0002,0.00025,0.7509
124.0,0.25135,0.00015,0.00025,0.74825
125.0,0.2533,0.0002,0.0003,0.7462
126.0,0.25595,0.0002,0.0003,0.74355
127.0,0.2582,0.00025,0.00025,0.7413
128.0,0.26055,0.0001,0.0004,0.73895
129.0,0.26275,0.0003,0.00035,0.7366
130.0,0.2652,0.00025,0.00035,0.7342
131.0,0.26755,0.00025,0.00035,0.73185
132.0,0.2694,0.0003,0.00035,0.72995
133.0,0.27175,0.0003,0.0003,0.72765
134.0,0.27345,0.00035,0.00045,0.72575
135.0,0.27535,0.00035,0.0005,0.7238
136.0,0.27715,0.0003,0.0005,0.72205
137.0,0.279,0.0004,0.0005,0.7201
138.0,0.28095,0.0005,0.00045,0.7181
139.0,0.2825,0.0007,0.0005,0.7163
140.0,0.2845,0.0007,0.0006,0.7142
141.0,0.2865,0.0006,0.00055,0.71235
142.0,0.2879,0.0005,0.00065,0.71095
143.0,0.29035,0.00045,0.0008,0.7084
144.0,0.29205,0.0008,0.00075,0.7064
145.0,0.29345,0.0007,0.00085,0.705
146.0,0.2952,0.00085,0.001,0.70295
147.0,0.2968,0.0009,0.00135,0.70095
148.0,0.29815,0.00095,0.00145,0.69945
149.0,0.3005,0.0011,0.0014,0.697
150.0,0.30215,0.00095,0.00155,0.69535
151.0,0.3036,0.00115,0.0016,0.69365
152.0,0.3049,0.00155,0.00135,0.6922
153.0,0.30635,0.00165,0.00155,0.69045
154.0,0.3078,0.00185,0.00185,0.6885
155.0,0.30895,0.0019,0.00245,0.6867
156.0,0.3102,0.0019,0.0026,0.6853
157.0,0.31115,0.00175,0.00275,0.68435
158.0,0.313,0.0018,0.0028,0.6824
159.0,0.3141,0.00195,0.0031,0.68085
160.0,0.31565,0.00195,0.0035,0.6789
161.0,0.31655,0.00225,0.00335,0.67785
162.0,0.31765,0.0022,0.00385,0.6763
163.0,0.319,0.0027,0.00385,0.67445
164.0,0.3199,0.00295,0.0037,0.67345
165.0,0.3208,0.00325,0.0039,0.67205
166.0,0.32175,0.00325,0.0045,0.6705
167.0,0.3227,0.0039,0.0046,0.6688
168.0,0.32325,0.0042,0.0046,0.66795
169.0,0.32415,0.00395,0.00515,0.66675
170.0,0.32415,0.004,0.0054,0.66645
171.0,0.32405,0.00475,0.0056,0.6656
172.0,0.325,0.0046,0.006,0.6644
173.0,0.32505,0.005,0.0065,0.66345
174.0,0.3258,0.00555,0.0068,0.66185
175.0,0.32545,0.00535,0.00785,0.66135
176.0,0.32585,0.0052,0.0089,0.66005
177.0,0.3257,0.0062,0.0088,0.6593
178.0,0.32545,0.00655,0.0091,0.6589
179.0,0.325,0.00695,0.00985,0.6582
180.0,0.3244,0.0078,0.0102,0.6576
181.0,0.3234,0.0088,0.01135,0.65645
182.0,0.3221,0.0096,0.0117,0.6566
183.0,0.32045,0.0099,0.0131,0.65655
184.0,0.3196,0.0105,0.0141,0.6558
185.0,0.3168,0.0122,0.01485,0.65615
186.0,0.3141,0.01255,0.01685,0.6565
187.0,0.31205,0.0131,0.0174,0.65745
188.0,0.3108,0.0126,0.0198,0.6568
189.0,0.3087,0.01335,0.02055,0.6574
190.0,0.30535,0.01525,0.02065,0.65875
191.0,0.302,0.01605,0.0221,0.65985
192.0,0.29925,0.0162,0.0231,0.66145
193.0,0.2974,0.0152,0.0251,0.6623
194.0,0.2936,0.01625,0.02605,0.6641
195.0,0.2902,0.0171,0.02735,0.66535
196.0,0.2865,0.01915,0.02775,0.6666
197.0,0.2828,0.0188,0.0303,0.6681
198.0,0.27745,0.0203,0.03135,0.6709
199.0,0.27225,0.0216,0.03275,0.6734
200.0,0.26725,0.02285,0.03405,0.67585
201.0,0.2628,0.02295,0.03655,0.6777
202.0,0.25845,0.02245,0.03875,0.68035
203.0,0.2539,0.0237,0.0385,0.6839
204.0,0.2499,0.0241,0.03985,0.68615
205.0,0.24455,0.02455,0.042,0.6889
206.0,0.23875,0.0262,0.04235,0.6927
207.0,0.23225,0.02695,0.04485,0.69595
208.0,0.22665,0.0268,0.04725,0.6993
209.0,0.2214,0.0271,0.04795,0.70355
210.0,0.2164,0.028,0.0486,0.707
211.0,0.21215,0.0276,0.05005,0.7102
212.0,0.20515,0.0291,0.05105,0.7147
213.0,0.2003,0.02935,0.0516,0.71875
214.0,0.1942,0.0302,0.05185,0.72375
215.0,0.18955,0.0272,0.0551,0.72815
216.0,0.18345,0.02835,0.05605,0.73215
217.0,0.17765,0.02945,0.0559,0.737
218.0,0.1716,0.0304,0.0553,0.7427
219.0,0.1664,0.02865,0.0572,0.74775
220.0,0.163,0.02825,0.05725,0.7515
221.0,0.1592,0.0268,0.05675,0.75725
222.0,0.15635,0.02585,0.0562,0.7616
223.0,0.1524,0.0249,0.0565,0.7662
224.0,0.1495,0.02385,0.0565,0.77015
225.0,0.1469,0.02295,0.0562,0.77395
226.0,0.14435,0.0223,0.0551,0.77825
227.0,0.14135,0.0223,0.05385,0.7825
228.0,0.13905,0.0222,0.0521,0.78665
229.0,0.137,0.0213,0.0508,0.7909
230.0,0.13555,0.0208,0.04905,0.7946
231.0,0.1334,0.02075,0.0474,0.79845
232.0,0.1329,0.01915,0.04815,0.7998
233.0,0.13235,0.01785,0.04615,0.80365
234.0,0.1318,0.0172,0.0463,0.8047
235.0,0.13095,0.0168,0.04435,0.8079
236.0,0.13065,0.0158,0.0431,0.81045
237.0,0.1297,0.0151,0.0416,0.8136
238.0,0.13,0.01475,0.03925,0.816
239.0,0.12915,0.01485,0.03895,0.81705
240.0,0.1295,0.0141,0.0382,0.8182
241.0,0.1296,0.01435,0.0362,0.81985
242.0,0.1305,0.01335,0.03525,0.8209
243.0,0.1317,0.01275,0.03425,0.8213
244.0,0.13245,0.01325,0.0326,0.8217
245.0,0.13345,0.0126,0.03155,0.8224
246.0,0.1345,0.0117,0.0308,0.823
247.0,0.13555,0.0118,0.02905,0.8236
248.0,0.1374,0.01145,0.0281,0.82305
249.0,0.13805,0.01125,0.02725,0.82345
250.0,0.13915,0.01145,0.0265,0.8229
251.0,0.1392,0.01155,0.02755,0.8217
252.0,0.1401,0.01125,0.02765,0.821
253.0,0.1412,0.0115,0.0272,0.8201
254.0,0.1423,0.01085,0.02655,0.8203
255.0,0.14295,0.011,0.02635,0.8197
256.0,0.1442,0.01055,0.0254,0.81985
257.0,0.14585,0.0103,0.0247,0.81915
258.0,0.1476,0.0103,0.0227,0.8194
259.0,0.14865,0.00995,0.0225,0.8189
260.0,0.1514,0.0095,0.0219,0.8172
261.0,0.15335,0.00945,0.02135,0.81585
262.0,0.1547,0.0091,0.0213,0.8149
263.0,0.1577,0.0087,0.02105,0.81255
264.0,0.1595,0.0078,0.0212,0.8115
265.0,0.1616,0.00835,0.0202,0.80985
266.0,0.16325,0.0085,0.01955,0.8087
267.0,0.16515,0.00805,0.0187,0.8081
268.0,0.16705,0.0077,0.01905,0.8062
269.0,0.17005,0.00845,0.01855,0.80295
270.0,0.17235,0.0081,0.01835,0.8012
271.0,0.1738,0.0087,0.0173,0.8002
272.0,0.1756,0.0082,0.0177,0.7985
273.0,0.1772,0.00895,0.0163,0.79755
274.0,0.17945,0.00885,0.0172,0.7945
275.0,0.18185,0.0086,0.0165,0.79305
276.0,0.1838,0.0086,0.01615,0.79145
277.0,0.1867,0.00875,0.01585,0.7887
278.0,0.18825,0.0083,0.0165,0.78695
279.0,0.19155,0.00765,0.0168,0.784
280.0,0.1933,0.00805,0.0163,0.78235
281.0,0.1958,0.0076,0.01595,0.78065
282.0,0.19845,0.0076,0.0163,0.77765
283.0,0.20075,0.0082,0.01515,0.7759
284.0,0.202,0.00915,0.0154,0.77345
285.0,0.2036,0.0084,0.01655,0.77145
286.0,0.20415,0.00935,0.0171,0.7694
287.0,0.2055,0.0093,0.0171,0.7681
288.0,0.20675,0.00895,0.01815,0.76615
289.0,0.20755,0.00945,0.0179,0.7651
290.0,0.2104,0.0093,0.01745,0.76285
291.0,0.21125,0.00955,0.01805,0.76115
292.0,0.2124,0.00985,0.0179,0.75985
293.0,0.21355,0.0104,0.01785,0.7582
294.0,0.2147,0.0105,0.01785,0.75695
295.0,0.2153,0.01115,0.01855,0.755
296.0,0.2171,0.0106,0.0186,0.7537
297.0,0.2184,0.0098,0.0186,0.7532
298.0,0.21935,0.0108,0.01835,0.7515
299.0,0.22065,0.0109,0.01875,0.7497
300.0,0.2219,0.01195,0.01875,0.7474
301.0,0.2232,0.0118,0.01935,0.74565
302.0,0.22305,0.0127,0.02075,0.7435
303.0,0.2228,0.01275,0.0216,0.74285
304.0,0.223,0.01265,0.0228,0.74155
305.0,0.22235,0.01315,0.02455,0.73995
306.0,0.2217,0.0141,0.02425,0.73995
307.0,0.22265,0.0138,0.02455,0.739
308.0,0.22335,0.01335,0.0254,0.7379
309.0,0.22295,0.01435,0.02515,0.73755
310.0,0.2228,0.01455,0.0259,0.73675
311.0,0.22205,0.01575,0.02595,0.73625
312.0,0.2221,0.01565,0.0264,0.73585
313.0,0.222,0.0154,0.0268,0.7358
314.0,0.2205,0.01575,0.0274,0.73635
315.0,0.22025,0.0164,0.02735,0.736
316.0,0.2206,0.01645,0.02895,0.734
317.0,0.2192,0.01695,0.03025,0.7336
318.0,0.2183,0.01775,0.03045,0.7335
319.0,0.2182,0.0171,0.03205,0.73265
320.0,0.21715,0.01805,0.0332,0.7316
321.0,0.2166,0.0179,0.03335,0.73215
322.0,0.21615,0.01845,0.0343,0.7311
323.0,0.2155,0.01845,0.03435,0.7317
324.0,0.2145,0.01815,0.0366,0.73075
325.0,0.2131,0.0193,0.0365,0.7311
326.0,0.2108,0.0199,0.0377,0.7316
327.0,0.20925,0.02035,0.03855,0.73185
328.0,0.207,0.02005,0.03985,0.7331
329.0,0.20475,0.02125,0.03905,0.73495
330.0,0.2022,0.02075,0.04055,0.7365
331.0,0.20045,0.02155,0.0402,0.7378
332.0,0.19945,0.0215,0.0403,0.73875
333.0,0.19725,0.0216,0.04035,0.7408
334.0,0.19495,0.02225,0.04135,0.74145
335.0,0.19275,0.02205,0.0416,0.7436
336.0,0.1906,0.0221,0.0421,0.7452
337.0,0.19,0.0212,0.04295,0.74585
338.0,0.1886,0.0213,0.04385,0.74625
339.0,0.1862,0.0217,0.04395,0.74815
340.0,0.18525,0.0214,0.04295,0.7504
341.0,0.18365,0.02175,0.043,0.7516
342.0,0.1812,0.02285,0.0419,0.75405
343.0,0.18035,0.02195,0.04295,0.75475
344.0,0.1798,0.02105,0.0433,0.75585
345.0,0.1779,0.02075,0.04385,0.7575
346.0,0.17615,0.02245,0.0439,0.7575
347.0,0.1743,0.02265,0.04345,0.7596
348.0,0.17445,0.02075,0.0446,0.7602
349.0,0.1734,0.0204,0.04405,0.76215
350.0,0.17235,0.02005,0.04525,0.76235
351.0,0.17215,0.0201,0.0452,0.76255
352.0,0.1717,0.0194,0.0449,0.764
353.0,0.1709,0.0199,0.04345,0.76575
354.0,0.1697,0.02015,0.04305,0.7671
355.0,0.17025,0.01935,0.04255,0.76785
356.0,0.1695,0.0199,0.04185,0.76875
357.0,0.17005,0.01865,0.0419,0.7694
358.0,0.1681,0.0195,0.0417,0.7707
359.0,0.1677,0.01945,0.0417,0.77115
360.0,0.16705,0.01945,0.0419,0.7716
361.0,0.166,0.01955,0.043,0.77145
362.0,0.165,0.01955,0.0433,0.77215
363.0,0.16475,0.02005,0.04245,0.77275
364.0,0.1649,0.01865,0.04285,0.7736
365.0,0.16505,0.0187,0.04275,0.7735
366.0,0.16585,0.01795,0.0413,0.7749
367.0,0.1653,0.0187,0.0403,0.7757
368.0,0.1669,0.01675,0.03955,0.7768
369.0,0.1669,0.0174,0.03815,0.77755
370.0,0.16815,0.0179,0.03715,0.7768
371.0,0.16895,0.01805,0.037,0.776
372.0,0.1686,0.01915,0.03665,0.7756
373.0,0.16915,0.019,0.0372,0.77465
374.0,0.1692,0.0181,0.0373,0.7754
375.0,0.1693,0.0184,0.03615,0.77615
376.0,0.16975,0.0185,0.0355,0.77625
377.0,0.17095,0.01755,0.03615,0.77535
378.0,0.17225,0.0171,0.03495,0.7757
379.0,0.17205,0.0173,0.0356,0.77505
380.0,0.1729,0.01655,0.03535,0.7752
381.0,0.17385,0.01635,0.03535,0.77445
382.0,0.1742,0.01625,0.0348,0.77475
383.0,0.1744,0.0165,0.0345,0.7746
384.0,0.17475,0.0169,0.03475,0.7736
385.0,0.1762,0.0167,0.0344,0.7727
386.0,0.17625,0.01645,0.0339,0.7734
387.0,0.1767,0.01665,0.0332,0.77345
388.0,0.17625,0.0168,0.0335,0.77345
389.0,0.1763,0.0169,0.03395,0.77285
390.0,0.17625,0.01675,0.0343,0.7727
391.0,0.17675,0.01745,0.03385,0.77195
392.0,0.1774,0.01685,0.03445,0.7713
393.0,0.17715,0.0163,0.03415,0.7724
394.0,0.17655,0.01635,0.0338,0.7733
395.0,0.17675,0.01545,0.0342,0.7736
396.0,0.17655,0.0162,0.0335,0.77375
397.0,0.1763,0.01635,0.03355,0.7738
398.0,0.1769,0.0159,0.0337,0.7735
399.0,0.1784,0.0151,0.034,0.7725
400.0,0.17905,0.0156,0.0329,0.77245
401.0,0.1799,0.0151,0.03295,0.77205
402.0,0.1797,0.0152,0.03245,0.77265
403.0,0.1814,0.015,0.03165,0.77195
404.0,0.1821,0.01455,0.03075,0.7726
405.0,0.18205,0.0149,0.03045,0.7726
406.0,0.1836,0.0139,0.0316,0.7709
407.0,0.18335,0.0136,0.0312,0.77185
408.0,0.1842,0.01415,0.02995,0.7717
409.0,0.1846,0.01485,0.03055,0.77
410.0,0.18435,0.01585,0.02985,0.76995
411.0,0.18375,0.01655,0.03045,0.76925
412.0,0.18415,0.0163,0.031,0.76855
413.0,0.18555,0.0163,0.0321,0.76605
414.0,0.1864,0.01665,0.0322,0.76475
415.0,0.18775,0.01635,0.0326,0.7633
416.0,0.189,0.01565,0.03355,0.7618
417.0,0.18905,0.0159,0.0331,0.76195
418.0,0.1894,0.0162,0.03215,0.76225
419.0,0.18925,0.0173,0.0315,0.76195
420.0,0.1882,0.0178,0.03275,0.76125
421.0,0.1892,0.01675,0.03395,0.7601
422.0,0.1895,0.0161,0.035,0.7594
423.0,0.1897,0.0165,0.03385,0.75995
424.0,0.1894,0.01635,0.0332,0.76105
425.0,0.189,0.017,0.0326,0.7614
426.0,0.18885,0.0168,0.0337,0.76065
427.0,0.1887,0.0169,0.0333,0.7611
428.0,0.18925,0.01605,0.03315,0.76155
429.0,0.18785,0.0166,0.0319,0.76365
430.0,0.1884,0.01635,0.0327,0.76255
431.0,0.18725,0.017,0.033,0.76275
432.0,0.18695,0.017,0.03375,0.7623
433.0,0.18685,0.0168,0.0342,0.76215
434.0,0.1865,0.01725,0.0347,0.76155
435.0,0.18685,0.0169,0.0352,0.76105
436.0,0.1866,0.01685,0.035,0.76155
437.0,0.18675,0.01685,0.03475,0.76165
438.0,0.18735,0.016,0.03435,0.7623
439.0,0.18695,0.0149,0.0345,0.76365
440.0,0.1868,0.01625,0.033,0.76395
441.0,0.18815,0.0159,0.033,0.76295
442.0,0.18725,0.016,0.03345,0.7633
443.0,0.1862,0.01675,0.03315,0.7639
444.0,0.1864,0.01695,0.03305,0.7636
445.0,0.185,0.01785,0.0335,0.76365
446.0,0.1849,0.0172,0.0334,0.7645
447.0,0.18475,0.0171,0.0336,0.76455
448.0,0.18505,0.01635,0.03445,0.76415
449.0,0.18385,0.0169,0.0331,0.76615
450.0,0.1837,0.01635,0.0328,0.76715
451.0,0.18255,0.017,0.0333,0.76715
452.0,0.1838,0.01725,0.0331,0.76585
453.0,0.1839,0.01635,0.0343,0.76545
454.0,0.1842,0.01655,0.03335,0.7659
455.0,0.18395,0.0156,0.03295,0.7675
456.0,0.1851,0.0152,0.0316,0.7681
457.0,0.18635,0.0149,0.03195,0.7668
458.0,0.1873,0.0154,0.03065,0.76665
459.0,0.1872,0.01575,0.031,0.76605
460.0,0.18875,0.0155,0.03045,0.7653
461.0,0.18925,0.01475,0.03085,0.76515
462.0,0.19035,0.01455,0.03115,0.76395
463.0,0.1904,0.0156,0.03105,0.76295
464.0,0.19085,0.01525,0.0318,0.7621
465.0,0.1902,0.01515,0.03235,0.7623
466.0,0.19055,0.01485,0.03235,0.76225
467.0,0.19025,0.01575,0.03155,0.76245
468.0,0.1902,0.0156,0.03245,0.76175
469.0,0.19075,0.01585,0.03165,0.76175
470.0,0.19025,0.0158,0.03085,0.7631
471.0,0.18845,0.0164,0.03155,0.7636
472.0,0.1889,0.0152,0.03305,0.76285
473.0,0.1879,0.01595,0.03355,0.7626
474.0,0.18715,0.01615,0.0341,0.7626
475.0,0.18715,0.0168,0.03405,0.762
476.0,0.18635,0.0175,0.03325,0.7629
477.0,0.1866,0.0175,0.03355,0.76235
478.0,0.18675,0.01705,0.03515,0.76105
479.0,0.18675,0.0169,0.03535,0.761
480.0,0.187,0.01635,0.03525,0.7614
481.0,0.18695,0.0164,0.0354,0.76125
482.0,0.1867,0.01645,0.03525,0.7616
483.0,0.1865,0.0158,0.035,0.7627
484.0,0.1856,0.01705,0.03475,0.7626
485.0,0.1856,0.01705,0.0343,0.76305
486.0,0.1845,0.01705,0.0345,0.76395
487.0,0.184,0.0178,0.0341,0.7641
488.0,0.1835,0.01845,0.03455,0.7635
489.0,0.1838,0.0178,0.03495,0.76345
490.0,0.18465,0.01605,0.03565,0.76365
491.0,0.1834,0.017,0.03505,0.76455
492.0,0.183,0.01685,0.03535,0.7648
493.0,0.1825,0.017,0.03545,0.76505
494.0,0.1827,0.0173,0.036,0.764
495.0,0.18265,0.0172,0.0355,0.76465
496.0,0.18265,0.0167,0.0347,0.76595
497.0,0.18285,0.01535,0.0356,0.7662
498.0,0.18415,0.01535,0.0347,0.7658
499.0,0.18315,0.016,0.03335,0.7675
500.0,0.184,0.0163,0.03305,0.76665
501.0,0.18475,0.01585,0.0333,0.7661
502.0,0.1847,0.0159,0.03405,0.76535
503.0,0.18535,0.0149,0.03425,0.7655
504.0,0.1849,0.01505,0.0336,0.76645
505.0,0.1847,0.01595,0.03315,0.7662
506.0,0.18465,0.01625,0.03325,0.76585
507.0,0.184,0.01605,0.03315,0.7668
508.0,0.18435,0.01645,0.03255,0.76665
509.0,0.1836,0.0166,0.03265,0.76715
510.0,0.18285,0.01615,0.0326,0.7684
511.0,0.18235,0.01585,0.03265,0.76915
512.0,0.1833,0.01545,0.0328,0.76845
513.0,0.18325,0.0159,0.0324,0.76845
514.0,0.18415,0.016,0.03225,0.7676
515.0,0.1841,0.0168,0.0314,0.7677
516.0,0.18525,0.016,0.03255,0.7662
517.0,0.1853,0.01685,0.0324,0.76545
518.0,0.18575,0.0167,0.0329,0.76465
519.0,0.18535,0.0169,0.0344,0.76335
520.0,0.184,0.01805,0.0343,0.76365
521.0,0.18335,0.0184,0.0341,0.76415
522.0,0.18305,0.0188,0.03355,0.7646
523.0,0.18325,0.0176,0.03435,0.7648
524.0,0.184,0.01675,0.0348,0.76445
525.0,0.18355,0.0168,0.03515,0.7645
526.0,0.18285,0.0176,0.03515,0.7644
527.0,0.18305,0.01775,0.03505,0.76415
528.0,0.1835,0.01815,0.0345,0.76385
529.0,0.1839,0.01665,0.03415,0.7653
530.0,0.1832,0.0171,0.03425,0.76545
531.0,0.1824,0.01815,0.0345,0.76495
532.0,0.1816,0.0177,0.03645,0.76425
533.0,0.18105,0.01865,0.03545,0.76485
534.0,0.18155,0.0185,0.03595,0.764
535.0,0.18125,0.0188,0.03585,0.7641
536.0,0.18125,0.01785,0.0363,0.7646
537.0,0.18165,0.0177,0.0363,0.76435
538.0,0.18205,0.01795,0.036,0.764
539.0,0.18145,0.0185,0.03605,0.764
540.0,0.18065,0.0185,0.03575,0.7651
541.0,0.17985,0.0186,0.03605,0.7655
542.0,0.179,0.0186,0.0356,0.7668
543.0,0.1779,0.01855,0.03565,0.7679
544.0,0.1788,0.01675,0.0365,0.76795
545.0,0.17775,0.01655,0.0368,0.7689
546.0,0.1776,0.01725,0.03605,0.7691
547.0,0.1772,0.01705,0.0355,0.77025
548.0,0.17775,0.0171,0.0356,0.76955
549.0,0.1781,0.01595,0.03475,0.7712
550.0,0.17775,0.01585,0.03515,0.77125
551.0,0.1791,0.0154,0.0343,0.7712
552.0,0.17915,0.01565,0.03445,0.77075
553.0,0.18015,0.01465,0.03545,0.76975
554.0,0.17935,0.0165,0.03515,0.769
555.0,0.17965,0.01625,0.03495,0.76915
556.0,0.18085,0.01635,0.0341,0.7687
557.0,0.18035,0.01685,0.03285,0.76995
558.0,0.1819,0.0158,0.03385,0.76845
559.0,0.1814,0.01645,0.03395,0.7682
560.0,0.1822,0.01685,0.0328,0.76815
561.0,0.18355,0.01555,0.0326,0.7683
562.0,0.1838,0.0158,0.03245,0.76795
563.0,0.18335,0.0168,0.03155,0.7683
564.0,0.1838,0.01485,0.03265,0.7687
565.0,0.18455,0.0154,0.0321,0.76795
566.0,0.18395,0.01515,0.0326,0.7683
567.0,0.1845,0.01535,0.0317,0.76845
568.0,0.18575,0.0155,0.03145,0.7673
569.0,0.1863,0.0153,0.03095,0.76745
570.0,0.1869,0.015,0.0316,0.7665
571.0,0.18875,0.0148,0.03225,0.7642
572.0,0.1903,0.0147,0.03085,0.76415
573.0,0.1905,0.01395,0.0315,0.76405
574.0,0.1906,0.0142,0.0301,0.7651
575.0,0.19215,0.0141,0.0304,0.76335
576.0,0.19175,0.01495,0.03125,0.76205
577.0,0.19255,0.01445,0.03125,0.76175
578.0,0.1932,0.0144,0.03165,0.76075
579.0,0.19375,0.01485,0.0321,0.7593
580.0,0.19465,0.01505,0.0325,0.7578
581.0,0.1949,0.016,0.03215,0.75695
582.0,0.1959,0.01595,0.03125,0.7569
583.0,0.19465,0.017,0.03085,0.7575
584.0,0.19565,0.0171,0.03095,0.7563
585.0,0.19495,0.01705,0.03105,0.75695
586.0,0.1949,0.01655,0.03225,0.7563
587.0,0.1945,0.01675,0.0312,0.75755
588.0,0.19475,0.0163,0.03245,0.7565
589.0,0.1947,0.0167,0.03145,0.75715
590.0,0.19465,0.01675,0.0326,0.756
591.0,0.1935,0.01725,0.0335,0.75575
592.0,0.19455,0.0168,0.03385,0.7548
593.0,0.19495,0.0163,0.0336,0.75515
594.0,0.1942,0.0173,0.03285,0.75565
595.0,0.1945,0.0159,0.034,0.7556
596.0,0.1939,0.01595,0.03405,0.7561
597.0,0.19415,0.01555,0.034,0.7563
598.0,0.19495,0.01665,0.03285,0.75555
599.0,0.1942,0.01685,0.0339,0.75505
600.0,0.1938,0.0176,0.0339,0.7547
601.0,0.1943,0.0175,0.0344,0.7538
602.0,0.19355,0.01825,0.03425,0.75395
603.0,0.19335,0.0191,0.0338,0.75375
604.0,0.1925,0.01925,0.03395,0.7543
605.0,0.1914,0.0194,0.0344,0.7548
606.0,0.1909,0.0198,0.03535,0.75395
607.0,0.1903,0.0197,0.0368,0.7532
608.0,0.1903,0.0188,0.03645,0.75445
609.0,0.1903,0.0186,0.03635,0.75475
610.0,0.1902,0.019,0.03575,0.75505
611.0,0.1893,0.019,0.0358,0.7559
612.0,0.1893,0.0188,0.0364,0.7555
613.0,0.18945,0.0173,0.03745,0.7558
614.0,0.1893,0.01755,0.0365,0.75665
615.0,0.18875,0.017,0.0374,0.75685
616.0,0.1884,0.01815,0.03785,0.7556
617.0,0.18845,0.01755,0.0382,0.7558
618.0,0.1881,0.0176,0.0375,0.7568
619.0,0.18825,0.01725,0.0369,0.7576
620.0,0.1875,0.01705,0.0374,0.75805
621.0,0.1885,0.01745,0.03655,0.7575
622.0,0.1892,0.0174,0.036,0.7574
623.0,0.1875,0.0179,0.03725,0.75735
624.0,0.18785,0.01755,0.03845,0.75615
625.0,0.18745,0.0187,0.03785,0.756
626.0,0.18735,0.0196,0.0373,0.75575
627.0,0.18645,0.0202,0.03765,0.7557
628.0,0.1862,0.01935,0.0382,0.75625
629.0,0.18625,0.0202,0.03795,0.7556
630.0,0.1866,0.0206,0.0372,0.7556
631.0,0.1863,0.0193,0.03755,0.75685
632.0,0.1861,0.0202,0.03645,0.75725
633.0,0.1854,0.0201,0.0375,0.757
634.0,0.18615,0.02005,0.0384,0.7554
635.0,0.18575,0.01975,0.0393,0.7552
636.0,0.18495,0.01965,0.0402,0.7552
637.0,0.1848,0.0199,0.03995,0.75535
638.0,0.18465,0.0194,0.03925,0.7567
639.0,0.1846,0.0191,0.0397,0.7566
640.0,0.18405,0.01895,0.03995,0.75705
641.0,0.1833,0.0192,0.03935,0.75815
642.0,0.18395,0.0184,0.03915,0.7585
643.0,0.1836,0.0186,0.0398,0.758
644.0,0.1837,0.01825,0.04075,0.7573
645.0,0.18305,0.01805,0.0408,0.7581
646.0,0.1828,0.019,0.0398,0.7584
647.0,0.18285,0.0188,0.0389,0.75945
648.0,0.1829,0.0175,0.04025,0.75935
649.0,0.1823,0.01825,0.0399,0.75955
650.0,0.18045,0.0189,0.03955,0.7611
651.0,0.1804,0.01905,0.03855,0.762
652.0,0.179,0.0193,0.03875,0.76295
653.0,0.1801,0.01825,0.039,0.76265
654.0,0.1795,0.0185,0.0392,0.7628
655.0,0.17805,0.01905,0.03875,0.76415
656.0,0.1782,0.01835,0.0393,0.76415
657.0,0.17755,0.018,0.04,0.76445
658.0,0.17775,0.0175,0.0396,0.76515
659.0,0.1791,0.01825,0.03825,0.7644
660.0,0.1777,0.0187,0.03815,0.76545
661.0,0.17625,0.0191,0.03745,0.7672
662.0,0.17445,0.0199,0.0373,0.76835
663.0,0.17395,0.0196,0.0387,0.76775
664.0,0.17395,0.0201,0.03885,0.7671
665.0,0.17385,0.01805,0.0401,0.768
666.0,0.17415,0.0184,0.0402,0.76725
667.0,0.1739,0.01855,0.0397,0.76785
668.0,0.1741,0.01735,0.04045,0.7681
669.0,0.1737,0.01765,0.03985,0.7688
670.0,0.1749,0.01665,0.03995,0.7685
671.0,0.17545,0.016,0.0394,0.76915
672.0,0.1739,0.01765,0.03805,0.7704
673.0,0.1731,0.01685,0.03855,0.7715
674.0,0.1731,0.0166,0.03845,0.77185
675.0,0.1738,0.0166,0.03745,0.77215
676.0,0.17365,0.01805,0.03555,0.77275
677.0,0.17315,0.0175,0.0358,0.77355
678.0,0.1742,0.01645,0.03555,0.7738
679.0,0.175,0.0163,0.0348,0.7739
680.0,0.1753,0.01625,0.03425,0.7742
681.0,0.17615,0.0153,0.0343,0.77425
682.0,0.17735,0.01595,0.03345,0.77325
683.0,0.1776,0.01595,0.0332,0.77325
684.0,0.1782,0.01605,0.03375,0.772
685.0,0.17715,0.0169,0.03325,0.7727
686.0,0.178,0.0157,0.0337,0.7726
687.0,0.17795,0.0159,0.03285,0.7733
688.0,0.17945,0.01465,0.03375,0.77215
689.0,0.1801,0.0151,0.03215,0.77265
690.0,0.18065,0.0157,0.0318,0.77185
691.0,0.1821,0.0154,0.03105,0.77145
692.0,0.1833,0.01565,0.0311,0.76995
693.0,0.1843,0.0156,0.03135,0.76875
694.0,0.18495,0.0145,0.03205,0.7685
695.0,0.1854,0.0148,0.031,0.7688
696.0,0.18505,0.0146,0.03145,0.7689
697.0,0.1858,0.01585,0.03035,0.768
698.0,0.18525,0.0163,0.03065,0.7678
699.0,0.18615,0.01575,0.0316,0.7665
700.0,0.1863,0.01525,0.0321,0.76635
701.0,0.1863,0.0161,0.0308,0.7668
702.0,0.18655,0.0154,0.0315,0.76655
703.0,0.18685,0.01585,0.03085,0.76645
704.0,0.18865,0.01555,0.0311,0.7647
705.0,0.18945,0.0148,0.0319,0.76385
706.0,0.18775,0.0153,0.03265,0.7643
707.0,0.1873,0.01565,0.0328,0.76425
708.0,0.1879,0.0155,0.033,0.7636
709.0,0.18575,0.0164,0.034,0.76385
710.0,0.186,0.01665,0.0331,0.76425
711.0,0.1853,0.01715,0.03395,0.7636
712.0,0.1851,0.01735,0.03405,0.7635
713.0,0.1855,0.0162,0.03565,0.76265
714.0,0.18415,0.0171,0.0363,0.76245
715.0,0.18245,0.0181,0.0361,0.76335
716.0,0.18195,0.01925,0.03485,0.76395
717.0,0.1821,0.0191,0.03475,0.76405
718.0,0.1811,0.0191,0.03525,0.76455
719.0,0.18225,0.0187,0.03545,0.7636
720.0,0.1834,0.0172,0.03655,0.76285
721.0,0.18465,0.0175,0.03655,0.7613
722.0,0.18295,0.0192,0.03565,0.7622
723.0,0.18255,0.01885,0.0362,0.7624
724.0,0.181,0.0183,0.0369,0.7638
725.0,0.17995,0.018,0.0371,0.76495
726.0,0.1784,0.01915,0.0373,0.76515
727.0,0.1791,0.0182,0.03775,0.76495
728.0,0.17885,0.01735,0.03785,0.76595
729.0,0.1782,0.0171,0.0381,0.7666
730.0,0.1777,0.0178,0.03655,0.76795
