time,propSusceptible,propExposed,propInfected,propRecovered
0.0,0.9,0.0,0.1,0.0
1.0,0.2508,0.6492,0.0632,0.0368
2.0,0.06905,0.6474,0.2389,0.04465
3.0,0.01855,0.51245,0.39315,0.07585
4.0,0.00505,0.3795,0.48535,0.1301
5.0,0.00195,0.2755,0.52755,0.195
6.0,0.00115,0.19395,0.53825,0.26665
7.0,0.00085,0.1406,0.52355,0.335
8.0,0.00125,0.1028,0.4943,0.40165
9.0,0.00155,0.07415,0.45835,0.46595
10.0,0.00205,0.0522,0.41885,0.5269
11.0,0.00155,0.03765,0.3774,0.5834
12.0,0.00215,0.0283,0.33695,0.6326
13.0,0.0023,0.0219,0.301,0.6748
14.0,0.00295,0.01665,0.26755,0.71285
15.0,0.00295,0.0129,0.23935,0.7448
16.0,0.00365,0.0108,0.21115,0.7744
17.0,0.0033,0.0102,0.1868,0.7997
18.0,0.00385,0.01005,0.1648,0.8213
19.0,0.0042,0.0095,0.1436,0.8427
20.0,0.0044,0.0092,0.12695,0.85945
21.0,0.00415,0.00885,0.11235,0.87465
22.0,0.0046,0.0088,0.0989,0.8877
23.0,0.00515,0.0088,0.0878,0.89825
24.0,0.00555,0.0094,0.07985,0.9052
25.0,0.004,0.01055,0.07125,0.9142
26.0,0.0054,0.0104,0.06395,0.92025
27.0,0.00545,0.01055,0.05865,0.92535
28.0,0.0061,0.0113,0.0532,0.9294
29.0,0.00615,0.012,0.0486,0.93325
30.0,0.0067,0.01265,0.04365,0.937
31.0,0.0059,0.01285,0.04265,0.9386
32.0,0.0056,0.0136,0.03935,0.94145
33.0,0.0053,0.01225,0.0378,0.94465
34.0,0.00625,0.0125,0.0359,0.94535
35.0,0.00515,0.01375,0.0338,0.9473
36.0,0.0068,0.0128,0.03335,0.94705
37.0,0.00645,0.01405,0.03145,0.94805
38.0,0.0067,0.01475,0.03145,0.9471
39.0,0.00625,0.0139,0.03155,0.9483
40.0,0.0074,0.014,0.0303,0.9483
41.0,0.0055,0.0149,0.03,0.9496
42.0,0.00665,0.0127,0.0315,0.94915
43.0,0.0068,0.0134,0.03095,0.94885
44.0,0.0059,0.01415,0.02975,0.9502
45.0,0.0066,0.0129,0.03015,0.95035
46.0,0.0077,0.01345,0.02955,0.9493
47.0,0.0072,0.01435,0.0291,0.94935
48.0,0.00875,0.01525,0.02875,0.94725
49.0,0.0082,0.0171,0.02735,0.94735
50.0,0.0084,0.01765,0.0277,0.94625
51.0,0.00715,0.01865,0.0283,0.9459
52.0,0.00785,0.01805,0.0284,0.9457
53.0,0.007,0.0183,0.0293,0.9454
54.0,0.00835,0.01765,0.02995,0.94405
55.0,0.0073,0.0184,0.0301,0.9442
56.0,0.00895,0.01825,0.0311,0.9417
57.0,0.00785,0.0197,0.0316,0.94085
58.0,0.00805,0.01835,0.03365,0.93995
59.0,0.0073,0.01845,0.03415,0.9401
60.0,0.0093,0.0178,0.0345,0.9384
61.0,0.00875,0.0187,0.03415,0.9384
62.0,0.00825,0.0194,0.0339,0.93845
63.0,0.00775,0.0187,0.03485,0.9387
64.0,0.00855,0.01815,0.0354,0.9379
65.0,0.00745,0.0184,0.0359,0.93825
66.0,0.00845,0.01845,0.0359,0.9372
67.0,0.0072,0.0188,0.0362,0.9378
68.0,0.00805,0.01805,0.03565,0.93825
69.0,0.00835,0.01855,0.0361,0.937
70.0,0.00925,0.0194,0.03515,0.9362
71.0,0.0075,0.02085,0.03465,0.937
72.0,0.00765,0.02055,0.0349,0.9369
73.0,0.00845,0.01985,0.03595,0.93575
74.0,0.0081,0.01935,0.037,0.93555
75.0,0.0085,0.0188,0.03675,0.93595
76.0,0.0094,0.0185,0.03835,0.93375
77.0,0.00775,0.01985,0.0376,0.9348
78.0,0.00875,0.01925,0.0375,0.9345
79.0,0.0083,0.01935,0.0379,0.93445
80.0,0.00935,0.0192,0.0379,0.93355
81.0,0.01015,0.02,0.0384,0.93145
82.0,0.00935,0.0207,0.0387,0.93125
83.0,0.0079,0.02135,0.0386,0.93215
84.0,0.0095,0.0202,0.03885,0.93145
85.0,0.0093,0.02025,0.0403,0.93015
86.0,0.00895,0.02115,0.03935,0.93055
87.0,0.0096,0.0197,0.04065,0.93005
88.0,0.0095,0.01985,0.03955,0.9311
89.0,0.00835,0.02,0.03915,0.9325
90.0,0.00965,0.0203,0.03735,0.9327
91.0,0.00945,0.021,0.03775,0.9318
92.0,0.00905,0.02175,0.03745,0.93175
93.0,0.01085,0.0208,0.03815,0.9302
94.0,0.0089,0.02195,0.03885,0.9303
95.0,0.0083,0.02195,0.03905,0.9307
96.0,0.0095,0.02125,0.04,0.92925
97.0,0.0099,0.02095,0.0406,0.92855
98.0,0.0104,0.0214,0.0401,0.9281
99.0,0.00815,0.023,0.04,0.92885
100.0,0.00955,0.02235,0.04095,0.92715
101.0,0.0097,0.0218,0.0424,0.9261
102.0,0.01055,0.02255,0.04325,0.92365
103.0,0.00855,0.02305,0.04405,0.92435
104.0,0.00945,0.02295,0.0441,0.9235
105.0,0.0103,0.0231,0.0441,0.9225
106.0,0.0105,0.02335,0.043,0.92315
107.0,0.00765,0.0237,0.04385,0.9248
108.0,0.00915,0.02185,0.0442,0.9248
109.0,0.0093,0.0211,0.0445,0.9251
110.0,0.0091,0.0214,0.0439,0.9256
111.0,0.01005,0.0206,0.04415,0.9252
112.0,0.0115,0.021,0.04415,0.92335
113.0,0.00865,0.02345,0.04405,0.92385
114.0,0.0099,0.02255,0.0445,0.92305
115.0,0.00975,0.02295,0.0444,0.9229
116.0,0.0094,0.0237,0.0428,0.9241
117.0,0.0099,0.0233,0.0441,0.9227
118.0,0.0096,0.024,0.0435,0.9229
119.0,0.0085,0.02425,0.0424,0.92485
120.0,0.01035,0.0223,0.04405,0.9233
121.0,0.01055,0.02255,0.0441,0.9228
122.0,0.01005,0.02255,0.0451,0.9223
123.0,0.0095,0.0225,0.04495,0.92305
124.0,0.0102,0.0231,0.0431,0.9236
125.0,0.0092,0.02305,0.04405,0.9237
126.0,0.0095,0.02295,0.044,0.92355
127.0,0.00955,0.0214,0.04585,0.9232
128.0,0.01045,0.023,0.04425,0.9223
129.0,0.00945,0.02275,0.04535,0.92245
130.0,0.0104,0.0227,0.0456,0.9213
131.0,0.0078,0.02365,0.0439,0.92465
132.0,0.0096,0.0212,0.04585,0.92335
133.0,0.00925,0.0217,0.04615,0.9229
134.0,0.0093,0.02185,0.0448,0.92405
135.0,0.0093,0.02145,0.0455,0.92375
136.0,0.01175,0.0204,0.04565,0.9222
137.0,0.00975,0.0231,0.04375,0.9234
138.0,0.01035,0.0235,0.0441,0.92205
139.0,0.0097,0.025,0.04335,0.92195
140.0,0.00995,0.02425,0.04495,0.92085
141.0,0.01105,0.0244,0.0444,0.92015
142.0,0.01045,0.02505,0.0458,0.9187
143.0,0.0076,0.02505,0.0452,0.92215
144.0,0.0089,0.0221,0.04635,0.92265
145.0,0.0109,0.0206,0.04755,0.92095
146.0,0.0113,0.0219,0.04635,0.92045
147.0,0.01165,0.02345,0.04665,0.91825
148.0,0.0116,0.0245,0.04825,0.91565
149.0,0.00945,0.0243,0.04875,0.9175
150.0,0.01155,0.0235,0.048,0.91695
151.0,0.00975,0.0245,0.04745,0.9183
152.0,0.00935,0.02455,0.0469,0.9192
153.0,0.01045,0.0244,0.04635,0.9188
154.0,0.00985,0.02465,0.0465,0.919
155.0,0.00955,0.02455,0.04605,0.91985
156.0,0.0121,0.024,0.04655,0.91735
157.0,0.011,0.0247,0.04695,0.91735
158.0,0.01155,0.02415,0.0486,0.9157
159.0,0.01045,0.0242,0.04845,0.9169
160.0,0.01175,0.02325,0.0501,0.9149
161.0,0.00955,0.02455,0.0504,0.9155
162.0,0.01285,0.02435,0.0501,0.9127
163.0,0.0117,0.02685,0.049,0.91245
164.0,0.0101,0.02835,0.04835,0.9132
165.0,0.0099,0.0272,0.04915,0.91375
166.0,0.0109,0.02565,0.05065,0.9128
167.0,0.0084,0.0257,0.0511,0.9148
168.0,0.01175,0.02375,0.0504,0.9141
169.0,0.01165,0.0256,0.04975,0.913
170.0,0.01105,0.02515,0.0502,0.9136
171.0,0.011,0.0255,0.04865,0.91485
172.0,0.01,0.0268,0.0489,0.9143
173.0,0.0093,0.0267,0.04895,0.91505
174.0,0.01005,0.02565,0.0499,0.9144
175.0,0.01025,0.02435,0.05145,0.91395
176.0,0.01095,0.02405,0.0502,0.9148
177.0,0.0104,0.0244,0.0499,0.9153
178.0,0.01055,0.02535,0.0484,0.9157
179.0,0.00835,0.0248,0.0493,0.91755
180.0,0.01015,0.02345,0.04865,0.91775
181.0,0.01035,0.0237,0.04885,0.9171
182.0,0.01155,0.0235,0.049,0.91595
183.0,0.00965,0.02455,0.04945,0.91635
184.0,0.01135,0.0237,0.049,0.91595
185.0,0.0104,0.0251,0.0485,0.916
186.0,0.01175,0.02425,0.049,0.915
187.0,0.0114,0.0254,0.0485,0.9147
188.0,0.0093,0.0264,0.04885,0.91545
189.0,0.0093,0.0249,0.05005,0.91575
190.0,0.0106,0.0244,0.0492,0.9158
191.0,0.0106,0.0248,0.05055,0.91405
192.0,0.0109,0.02475,0.05005,0.9143
193.0,0.0121,0.02455,0.05145,0.9119
194.0,0.01095,0.02645,0.0513,0.9113
195.0,0.00945,0.02715,0.04985,0.91355
196.0,0.011,0.0251,0.0503,0.9136
197.0,0.01,0.02505,0.0505,0.91445
198.0,0.01055,0.0244,0.05005,0.915
199.0,0.0106,0.02375,0.04985,0.9158
200.0,0.0122,0.02415,0.04985,0.9138
201.0,0.01145,0.0257,0.05005,0.9128
202.0,0.01135,0.02655,0.05105,0.91105
203.0,0.01045,0.0273,0.05155,0.9107
204.0,0.01155,0.02655,0.0518,0.9101
205.0,0.0104,0.0277,0.0517,0.9102
206.0,0.01095,0.02745,0.0505,0.9111
207.0,0.01065,0.0271,0.0504,0.91185
208.0,0.0102,0.0273,0.05095,0.91155
209.0,0.00935,0.0268,0.05015,0.9137
210.0,0.0121,0.02475,0.05125,0.9119
211.0,0.01275,0.02465,0.05215,0.91045
212.0,0.01325,0.02705,0.0506,0.9091
213.0,0.01055,0.02715,0.0538,0.9085
214.0,0.0098,0.02625,0.0553,0.90865
215.0,0.0088,0.0261,0.0546,0.9105
216.0,0.0099,0.0256,0.05375,0.91075
217.0,0.0101,0.0251,0.05395,0.91085
218.0,0.01135,0.0243,0.0546,0.90975
219.0,0.01,0.0255,0.05365,0.91085
220.0,0.00985,0.0266,0.0515,0.91205
221.0,0.0098,0.02485,0.05195,0.9134
222.0,0.01005,0.0235,0.0523,0.91415
223.0,0.0099,0.0241,0.0511,0.9149
224.0,0.01095,0.0231,0.05195,0.914
225.0,0.0111,0.0232,0.05185,0.91385
226.0,0.011,0.02355,0.05185,0.9136
227.0,0.01075,0.0253,0.05085,0.9131
228.0,0.0117,0.025,0.05005,0.91325
229.0,0.011,0.0259,0.0506,0.9125
230.0,0.0119,0.0255,0.05075,0.91185
231.0,0.00995,0.02585,0.04995,0.91425
232.0,0.0117,0.02525,0.04975,0.9133
233.0,0.01105,0.0259,0.04955,0.9135
234.0,0.0115,0.02565,0.0495,0.91335
235.0,0.0117,0.0254,0.0492,0.9137
236.0,0.0123,0.0249,0.0508,0.912
237.0,0.0112,0.0265,0.0497,0.9126
238.0,0.0114,0.0263,0.04985,0.91245
239.0,0.00845,0.02665,0.0507,0.9142
240.0,0.00985,0.026,0.0505,0.91365
241.0,0.0115,0.02555,0.0511,0.91185
242.0,0.01195,0.02625,0.05095,0.91085
243.0,0.01195,0.0271,0.05155,0.9094
244.0,0.01105,0.02795,0.05125,0.90975
245.0,0.01285,0.0273,0.05205,0.9078
246.0,0.0127,0.02835,0.05205,0.9069
247.0,0.01215,0.0283,0.05405,0.9055
248.0,0.012,0.0284,0.0544,0.9052
249.0,0.0109,0.0285,0.05505,0.90555
250.0,0.01095,0.0268,0.05685,0.9054
251.0,0.00955,0.0261,0.05625,0.9081
252.0,0.0112,0.0248,0.05405,0.90995
253.0,0.011,0.0254,0.05315,0.91045
254.0,0.012,0.02385,0.0531,0.91105
255.0,0.01155,0.02465,0.05225,0.91155
256.0,0.01155,0.02525,0.05235,0.91085
257.0,0.0107,0.0261,0.05155,0.91165
258.0,0.01125,0.0273,0.05055,0.9109
259.0,0.01035,0.0266,0.05105,0.912
260.0,0.01105,0.026,0.051,0.91195
261.0,0.01115,0.02585,0.05065,0.91235
262.0,0.01175,0.02555,0.0515,0.9112
263.0,0.0097,0.02615,0.0522,0.91195
264.0,0.01125,0.0253,0.0515,0.91195
265.0,0.01195,0.0255,0.05215,0.9104
266.0,0.01145,0.0266,0.0511,0.91085
267.0,0.01105,0.0272,0.05115,0.9106
268.0,0.01105,0.0261,0.05225,0.9106
269.0,0.00925,0.0257,0.05235,0.9127
270.0,0.01105,0.0246,0.05285,0.9115
271.0,0.01065,0.02415,0.05385,0.91135
272.0,0.0116,0.02445,0.05265,0.9113
273.0,0.01085,0.0258,0.0508,0.91255
274.0,0.01105,0.0257,0.05145,0.9118
275.0,0.01175,0.0261,0.0516,0.91055
276.0,0.01325,0.02605,0.0526,0.9081
277.0,0.01235,0.02835,0.05275,0.90655
278.0,0.0126,0.0275,0.05395,0.90595
279.0,0.011,0.027,0.0551,0.9069
280.0,0.0117,0.0261,0.05565,0.90655
281.0,0.0112,0.0258,0.0562,0.9068
282.0,0.012,0.02655,0.05625,0.9052
283.0,0.0112,0.02695,0.0553,0.90655
284.0,0.0117,0.0269,0.05475,0.90665
285.0,0.0105,0.0274,0.0545,0.9076
286.0,0.0094,0.02695,0.0541,0.90955
287.0,0.008,0.0259,0.0543,0.9118
288.0,0.01025,0.0227,0.0547,0.91235
289.0,0.01075,0.0241,0.05385,0.9113
290.0,0.0129,0.02405,0.05365,0.9094
291.0,0.01275,0.0267,0.05205,0.9085
292.0,0.01265,0.02745,0.05195,0.90795
293.0,0.0119,0.0274,0.0529,0.9078
294.0,0.0122,0.0275,0.0521,0.9082
295.0,0.01245,0.02745,0.05325,0.90685
296.0,0.012,0.0274,0.0543,0.9063
297.0,0.01165,0.0284,0.05325,0.9067
298.0,0.0116,0.0276,0.0535,0.9073
299.0,0.0096,0.02825,0.0539,0.90825
300.0,0.01175,0.0268,0.0546,0.90685
301.0,0.01055,0.02745,0.0547,0.9073
302.0,0.0108,0.02705,0.05535,0.9068
303.0,0.0112,0.0265,0.0555,0.9068
304.0,0.0111,0.0253,0.05495,0.90865
305.0,0.0107,0.02505,0.0543,0.90995
306.0,0.01215,0.02585,0.0523,0.9097
307.0,0.01135,0.02715,0.0521,0.9094
308.0,0.01225,0.0261,0.0525,0.90915
309.0,0.01095,0.02625,0.0534,0.9094
310.0,0.0126,0.02635,0.05335,0.9077
311.0,0.0111,0.0273,0.0528,0.9088
312.0,0.0111,0.0264,0.05395,0.90855
313.0,0.0113,0.0247,0.05625,0.90775
314.0,0.01055,0.0248,0.05485,0.9098
315.0,0.01145,0.02465,0.05405,0.90985
316.0,0.01165,0.0255,0.05375,0.9091
317.0,0.0129,0.02545,0.0538,0.90785
318.0,0.01115,0.02745,0.05345,0.90795
319.0,0.00975,0.0261,0.054,0.91015
320.0,0.011,0.02565,0.0534,0.90995
321.0,0.01185,0.0253,0.05375,0.9091
322.0,0.0109,0.02635,0.0539,0.90885
323.0,0.0105,0.0272,0.0529,0.9094
324.0,0.0114,0.028,0.05165,0.90895
325.0,0.0115,0.0274,0.0526,0.9085
326.0,0.013,0.02755,0.05345,0.906
327.0,0.0131,0.02905,0.0528,0.90505
328.0,0.0127,0.0297,0.0523,0.9053
329.0,0.01095,0.0297,0.0524,0.90695
330.0,0.01105,0.02865,0.05345,0.90685
331.0,0.01125,0.02725,0.05455,0.90695
332.0,0.0121,0.02785,0.05495,0.9051
333.0,0.0121,0.02835,0.05325,0.9063
334.0,0.0108,0.0283,0.0543,0.9066
335.0,0.00945,0.02805,0.05355,0.90895
336.0,0.0114,0.02555,0.05445,0.9086
337.0,0.01195,0.0249,0.055,0.90815
338.0,0.0117,0.0259,0.0535,0.9089
339.0,0.0123,0.02645,0.05265,0.9086
340.0,0.0116,0.02765,0.0533,0.90745
341.0,0.0103,0.028,0.05325,0.90845
342.0,0.01145,0.02675,0.05345,0.90835
343.0,0.0119,0.0281,0.05155,0.90845
344.0,0.0126,0.02785,0.05225,0.9073
345.0,0.013,0.028,0.05265,0.90635
346.0,0.0127,0.02915,0.0529,0.90525
347.0,0.01065,0.02945,0.0525,0.9074
348.0,0.01205,0.0287,0.0514,0.90785
349.0,0.01085,0.02835,0.0536,0.9072
350.0,0.01215,0.027,0.0541,0.90675
351.0,0.01065,0.0277,0.05445,0.9072
352.0,0.01195,0.0255,0.05535,0.9072
353.0,0.0117,0.02705,0.0545,0.90675
354.0,0.01215,0.02615,0.05555,0.90615
355.0,0.01135,0.0269,0.055,0.90675
356.0,0.01065,0.0271,0.05395,0.9083
357.0,0.01115,0.0272,0.05435,0.9073
358.0,0.01025,0.0275,0.05385,0.9084
359.0,0.0094,0.02555,0.0542,0.91085
360.0,0.01045,0.0244,0.0537,0.91145
361.0,0.0118,0.02525,0.0518,0.91115
362.0,0.0109,0.0263,0.0522,0.9106
363.0,0.01225,0.0252,0.0529,0.90965
364.0,0.0112,0.02625,0.05145,0.9111
365.0,0.0115,0.02645,0.05085,0.9112
366.0,0.01265,0.02605,0.0518,0.9095
367.0,0.0131,0.0272,0.05185,0.90785
368.0,0.0114,0.02795,0.0523,0.90835
369.0,0.0117,0.02595,0.05275,0.9096
370.0,0.01125,0.0262,0.05365,0.9089
371.0,0.0119,0.025,0.05445,0.90865
372.0,0.0125,0.02645,0.0533,0.90775
373.0,0.0112,0.02795,0.0535,0.90735
374.0,0.01245,0.0271,0.0541,0.90635
375.0,0.0103,0.02695,0.05475,0.908
376.0,0.0104,0.02595,0.0558,0.90785
377.0,0.00935,0.02585,0.05435,0.91045
378.0,0.0114,0.0248,0.05305,0.91075
379.0,0.0108,0.02655,0.05225,0.9104
380.0,0.0132,0.0255,0.052,0.9093
381.0,0.0134,0.02685,0.05225,0.9075
382.0,0.01255,0.02835,0.05195,0.90715
383.0,0.01165,0.0284,0.05335,0.9066
384.0,0.0118,0.0297,0.05285,0.90565
385.0,0.0123,0.02925,0.05465,0.9038
386.0,0.01235,0.02975,0.05555,0.90235
387.0,0.0128,0.03055,0.05565,0.901
388.0,0.01275,0.03035,0.0557,0.9012
389.0,0.0111,0.02965,0.0568,0.90245
390.0,0.01045,0.0278,0.0576,0.90415
391.0,0.0095,0.02695,0.0586,0.90495
392.0,0.01175,0.0256,0.0582,0.90445
393.0,0.0108,0.026,0.05725,0.90595
394.0,0.0115,0.026,0.055,0.9075
395.0,0.0106,0.02595,0.0547,0.90875
396.0,0.01195,0.0261,0.05415,0.9078
397.0,0.0112,0.0267,0.0539,0.9082
398.0,0.01135,0.02675,0.0527,0.9092
399.0,0.0108,0.02655,0.0532,0.90945
400.0,0.01165,0.02665,0.0523,0.9094
401.0,0.01195,0.0265,0.0516,0.90995
402.0,0.0128,0.02705,0.052,0.90815
403.0,0.01125,0.0285,0.0526,0.90765
404.0,0.01245,0.0274,0.05255,0.9076
405.0,0.0119,0.0268,0.0541,0.9072
406.0,0.01295,0.0274,0.0539,0.90575
407.0,0.01065,0.0293,0.05455,0.9055
408.0,0.0136,0.02805,0.0538,0.90455
409.0,0.0115,0.0286,0.05465,0.90525
410.0,0.012,0.02785,0.05625,0.9039
411.0,0.01235,0.0288,0.05525,0.9036
412.0,0.01205,0.02935,0.05535,0.90325
413.0,0.01085,0.0283,0.0575,0.90335
414.0,0.0116,0.0285,0.05735,0.90255
415.0,0.01,0.02815,0.0579,0.90395
416.0,0.01105,0.02695,0.05735,0.90465
417.0,0.0116,0.0275,0.0553,0.9056
418.0,0.0112,0.02705,0.05595,0.9058
419.0,0.0103,0.02725,0.0554,0.90705
420.0,0.01205,0.02635,0.05635,0.90525
421.0,0.01195,0.0267,0.05665,0.9047
422.0,0.013,0.02665,0.0561,0.90425
423.0,0.012,0.02705,0.0568,0.90415
424.0,0.01205,0.0282,0.0562,0.90355
425.0,0.0105,0.0287,0.05675,0.90405
426.0,0.01225,0.02755,0.0577,0.9025
427.0,0.0115,0.02875,0.05735,0.9024
428.0,0.0115,0.0276,0.05755,0.90335
429.0,0.01165,0.0269,0.05635,0.9051
430.0,0.01125,0.02585,0.05815,0.90475
431.0,0.00935,0.02625,0.0566,0.9078
432.0,0.0093,0.02595,0.0567,0.90805
433.0,0.0104,0.0248,0.05715,0.90765
434.0,0.01145,0.02545,0.0536,0.9095
435.0,0.0126,0.0274,0.05085,0.90915
436.0,0.01295,0.02875,0.05185,0.90645
437.0,0.0091,0.02915,0.0527,0.90905
438.0,0.01045,0.0267,0.05365,0.9092
439.0,0.00915,0.0264,0.05375,0.9107
440.0,0.01095,0.0255,0.05425,0.9093
441.0,0.01145,0.02445,0.05385,0.91025
442.0,0.0133,0.02515,0.0535,0.90805
443.0,0.0124,0.02655,0.0542,0.90685
444.0,0.0112,0.02795,0.053,0.90785
445.0,0.0132,0.028,0.05345,0.90535
446.0,0.01235,0.0278,0.0549,0.90495
447.0,0.01155,0.02735,0.05625,0.90485
448.0,0.01245,0.02575,0.057,0.9048
449.0,0.01085,0.02655,0.0563,0.9063
450.0,0.01205,0.02565,0.05715,0.90515
451.0,0.01285,0.0264,0.05615,0.9046
452.0,0.0121,0.02725,0.05615,0.9045
453.0,0.012,0.028,0.0563,0.9037
454.0,0.01075,0.0287,0.0545,0.90605
455.0,0.0099,0.02685,0.055,0.90825
456.0,0.0126,0.0269,0.05375,0.90675
457.0,0.012,0.02845,0.05215,0.9074
458.0,0.0112,0.02815,0.0545,0.90615
459.0,0.00985,0.02825,0.0538,0.9081
460.0,0.01095,0.0269,0.0541,0.90805
461.0,0.0097,0.02595,0.05525,0.9091
462.0,0.0114,0.02435,0.05535,0.9089
463.0,0.0109,0.02585,0.0545,0.90875
464.0,0.0118,0.0255,0.0553,0.9074
465.0,0.01145,0.0268,0.0539,0.90785
466.0,0.01285,0.0273,0.05455,0.9053
467.0,0.01005,0.02675,0.0557,0.9075
468.0,0.0104,0.0267,0.05585,0.90705
469.0,0.0107,0.0259,0.0556,0.9078
470.0,0.0123,0.02575,0.05475,0.9072
471.0,0.01295,0.0257,0.05595,0.9054
472.0,0.01385,0.0277,0.0547,0.90375
473.0,0.01285,0.03055,0.05255,0.90405
474.0,0.0114,0.0299,0.05465,0.90405
475.0,0.0111,0.02905,0.05635,0.9035
476.0,0.01145,0.02765,0.0563,0.9046
477.0,0.00985,0.02655,0.05725,0.90635
478.0,0.00955,0.02625,0.0556,0.9086
479.0,0.00835,0.0252,0.0555,0.91095
480.0,0.0105,0.0238,0.0552,0.9105
481.0,0.0137,0.02385,0.0539,0.90855
482.0,0.0128,0.0268,0.0538,0.9066
483.0,0.0123,0.0282,0.05335,0.90615
484.0,0.01315,0.0285,0.05345,0.9049
485.0,0.0126,0.02955,0.0531,0.90475
486.0,0.0127,0.03005,0.0524,0.90485
487.0,0.0108,0.0303,0.054,0.9049
488.0,0.0111,0.0301,0.05495,0.90385
489.0,0.0126,0.02915,0.0562,0.90205
490.0,0.0128,0.0288,0.05765,0.90075
491.0,0.0113,0.02945,0.0571,0.90215
492.0,0.0119,0.02955,0.0577,0.90085
493.0,0.0114,0.02965,0.058,0.90095
494.0,0.01125,0.0294,0.0581,0.90125
495.0,0.0102,0.0278,0.0586,0.9034
496.0,0.0111,0.02665,0.05765,0.9046
497.0,0.01155,0.0259,0.058,0.90455
498.0,0.01235,0.0267,0.05715,0.9038
499.0,0.0123,0.0275,0.05575,0.90445
500.0,0.01175,0.0273,0.05615,0.9048
501.0,0.0114,0.02815,0.0554,0.90505
502.0,0.0105,0.02785,0.05625,0.9054
503.0,0.00965,0.02655,0.05635,0.90745
504.0,0.01035,0.0255,0.0561,0.90805
505.0,0.0107,0.0248,0.05545,0.90905
506.0,0.01195,0.0248,0.0547,0.90855
507.0,0.0136,0.02565,0.05345,0.9073
508.0,0.0129,0.0281,0.0523,0.9067
509.0,0.0115,0.0298,0.05175,0.90695
510.0,0.01325,0.02845,0.0534,0.9049
511.0,0.0116,0.0296,0.05365,0.90515
512.0,0.01235,0.0282,0.05385,0.9056
513.0,0.0133,0.0271,0.0549,0.9047
514.0,0.01255,0.02765,0.0557,0.9041
515.0,0.01115,0.02845,0.05595,0.90445
516.0,0.0118,0.0278,0.05565,0.90475
517.0,0.01135,0.0293,0.0548,0.90455
518.0,0.01015,0.0279,0.05565,0.9063
519.0,0.0104,0.028,0.0547,0.9069
520.0,0.0117,0.0259,0.05515,0.90725
521.0,0.0102,0.0265,0.05465,0.90865
522.0,0.01295,0.02625,0.0551,0.9057
523.0,0.0116,0.02775,0.05345,0.9072
524.0,0.0105,0.0288,0.05375,0.90695
525.0,0.01105,0.0269,0.05545,0.9066
526.0,0.01165,0.0273,0.055,0.90605
527.0,0.0091,0.02725,0.05615,0.9075
528.0,0.0098,0.0263,0.05545,0.90845
529.0,0.0111,0.02495,0.0562,0.90775
530.0,0.01295,0.02425,0.05635,0.90645
531.0,0.0117,0.0265,0.0554,0.9064
532.0,0.01265,0.0268,0.05555,0.905
533.0,0.0114,0.0281,0.05565,0.90485
534.0,0.01325,0.0271,0.05655,0.9031
535.0,0.0122,0.02835,0.0562,0.90325
536.0,0.01235,0.0281,0.05605,0.9035
537.0,0.0116,0.0281,0.0571,0.9032
538.0,0.01145,0.02815,0.05745,0.90295
539.0,0.01075,0.02815,0.0574,0.9037
540.0,0.01085,0.02735,0.05745,0.90435
541.0,0.0123,0.02755,0.05655,0.9036
542.0,0.0119,0.0275,0.05655,0.90405
543.0,0.0119,0.0285,0.055,0.9046
544.0,0.01095,0.02735,0.05565,0.90605
545.0,0.0096,0.02685,0.05535,0.9082
546.0,0.01045,0.02515,0.05515,0.90925
547.0,0.0103,0.025,0.0564,0.9083
548.0,0.0117,0.02475,0.05575,0.9078
549.0,0.0113,0.02615,0.05425,0.9083
550.0,0.0114,0.0265,0.05395,0.90815
551.0,0.0107,0.02595,0.0547,0.90865
552.0,0.0129,0.02515,0.0546,0.90735
553.0,0.0138,0.02585,0.0546,0.90575
554.0,0.012,0.02775,0.0543,0.90595
555.0,0.01085,0.02725,0.0563,0.9056
556.0,0.0127,0.0271,0.05485,0.90535
557.0,0.01235,0.02795,0.054,0.9057
558.0,0.0116,0.0282,0.05425,0.90595
559.0,0.0105,0.02795,0.05525,0.9063
560.0,0.0114,0.0276,0.05455,0.90645
561.0,0.0129,0.02815,0.05375,0.9052
562.0,0.01265,0.03005,0.0536,0.9037
563.0,0.0123,0.03035,0.0545,0.90285
564.0,0.0131,0.03085,0.05415,0.9019
565.0,0.0117,0.03105,0.05505,0.9022
566.0,0.01215,0.02965,0.05645,0.90175
567.0,0.0121,0.0301,0.05595,0.90185
568.0,0.0122,0.0288,0.0575,0.9015
569.0,0.0109,0.0288,0.0574,0.9029
570.0,0.0099,0.02845,0.0574,0.90425
571.0,0.00995,0.02695,0.0581,0.905
572.0,0.0114,0.0246,0.05925,0.90475
573.0,0.0107,0.0252,0.0578,0.9063
574.0,0.0108,0.0254,0.0561,0.9077
575.0,0.00925,0.0263,0.0548,0.90965
576.0,0.01185,0.02495,0.05385,0.90935
577.0,0.01165,0.0261,0.0538,0.90845
578.0,0.01175,0.02665,0.05395,0.90765
579.0,0.0115,0.02655,0.0539,0.90805
580.0,0.0124,0.0272,0.05245,0.90795
581.0,0.0121,0.028,0.05275,0.90715
582.0,0.0129,0.02865,0.05265,0.9058
583.0,0.01195,0.02905,0.0538,0.9052
584.0,0.01125,0.03005,0.05335,0.90535
585.0,0.0125,0.0294,0.0539,0.9042
586.0,0.012,0.02985,0.0548,0.90335
587.0,0.0111,0.02805,0.0561,0.90475
588.0,0.0114,0.0278,0.0564,0.9044
589.0,0.0128,0.02655,0.056,0.90465
590.0,0.0128,0.02675,0.05695,0.9035
591.0,0.01175,0.0283,0.0564,0.90355
592.0,0.01195,0.02905,0.0556,0.9034
593.0,0.01015,0.02965,0.05645,0.90375
594.0,0.0091,0.02845,0.057,0.90545
595.0,0.01105,0.027,0.05715,0.9048
596.0,0.01165,0.02625,0.0571,0.905
597.0,0.0113,0.02705,0.05765,0.904
598.0,0.00965,0.02705,0.05625,0.90705
599.0,0.0102,0.02515,0.05675,0.9079
600.0,0.01175,0.0243,0.05525,0.9087
601.0,0.01105,0.02425,0.05515,0.90955
602.0,0.01335,0.02495,0.0533,0.9084
603.0,0.01225,0.0275,0.0524,0.90785
604.0,0.01225,0.02715,0.05355,0.90705
605.0,0.0116,0.0281,0.0539,0.9064
606.0,0.0131,0.0279,0.05425,0.90475
607.0,0.0117,0.03005,0.053,0.90525
608.0,0.0114,0.02935,0.0552,0.90405
609.0,0.0124,0.02915,0.05535,0.9031
610.0,0.0108,0.0289,0.05645,0.90385
611.0,0.0101,0.0285,0.05575,0.90565
612.0,0.01225,0.02625,0.0558,0.9057
613.0,0.01215,0.0267,0.05625,0.9049
614.0,0.01105,0.02735,0.05605,0.90555
615.0,0.01125,0.02765,0.05585,0.90525
616.0,0.01155,0.0265,0.05615,0.9058
617.0,0.0128,0.02605,0.0557,0.90545
618.0,0.01395,0.02785,0.05455,0.90365
619.0,0.01285,0.02915,0.05455,0.90345
620.0,0.01165,0.02995,0.05355,0.90485
621.0,0.01115,0.02935,0.0541,0.9054
622.0,0.01075,0.02775,0.0556,0.9059
623.0,0.0101,0.02655,0.05645,0.9069
624.0,0.011,0.0251,0.0567,0.9072
625.0,0.01075,0.02615,0.05385,0.90925
626.0,0.01095,0.0266,0.0537,0.90875
627.0,0.0107,0.0277,0.0525,0.9091
628.0,0.0118,0.0271,0.05335,0.90775
629.0,0.0122,0.0282,0.0535,0.9061
630.0,0.0114,0.02835,0.0545,0.90575
631.0,0.01205,0.0284,0.054,0.90555
632.0,0.0142,0.02755,0.05575,0.9025
633.0,0.01375,0.0289,0.05555,0.9018
634.0,0.0132,0.0306,0.05675,0.89945
635.0,0.0117,0.0303,0.0573,0.9007
636.0,0.01165,0.0295,0.0573,0.90155
637.0,0.01125,0.0286,0.0579,0.90225
638.0,0.01055,0.02645,0.05895,0.90405
639.0,0.0112,0.0263,0.0576,0.9049
640.0,0.01195,0.02545,0.05735,0.90525
641.0,0.0118,0.0274,0.0554,0.9054
642.0,0.012,0.02795,0.05475,0.9053
643.0,0.01105,0.0277,0.05585,0.9054
644.0,0.01145,0.02775,0.05565,0.90515
645.0,0.0109,0.0278,0.05515,0.90615
646.0,0.01215,0.02695,0.05535,0.90555
647.0,0.00945,0.02845,0.0545,0.9076
648.0,0.0109,0.0262,0.054,0.9089
649.0,0.011,0.0268,0.0536,0.9086
650.0,0.01205,0.02665,0.05375,0.90755
651.0,0.01245,0.0276,0.05365,0.9063
652.0,0.01305,0.02925,0.0539,0.9038
653.0,0.01255,0.0298,0.055,0.90265
654.0,0.0126,0.02895,0.05705,0.9014
655.0,0.0109,0.02795,0.05795,0.9032
656.0,0.013,0.0261,0.05905,0.90185
657.0,0.0123,0.0282,0.0568,0.9027
658.0,0.01135,0.02925,0.05615,0.90325
659.0,0.0089,0.0293,0.05625,0.90555
660.0,0.0106,0.0268,0.05755,0.90505
661.0,0.01215,0.0268,0.05695,0.9041
662.0,0.01205,0.02695,0.05775,0.90325
663.0,0.0115,0.0279,0.0576,0.903
664.0,0.0109,0.02715,0.05785,0.9041
665.0,0.0106,0.02655,0.0585,0.90435
666.0,0.01195,0.02565,0.05695,0.90545
667.0,0.0124,0.02665,0.0559,0.90505
668.0,0.01225,0.0273,0.0559,0.90455
669.0,0.01055,0.0274,0.05555,0.9065
670.0,0.01045,0.0259,0.0558,0.90785
671.0,0.0093,0.02485,0.05695,0.9089
672.0,0.01155,0.0229,0.0577,0.90785
673.0,0.0109,0.0245,0.05435,0.91025
674.0,0.0112,0.0257,0.05335,0.90975
675.0,0.0108,0.0262,0.0531,0.9099
676.0,0.01325,0.0262,0.05185,0.9087
677.0,0.01165,0.02895,0.05145,0.90795
678.0,0.0128,0.028,0.0522,0.907
679.0,0.0118,0.0284,0.0526,0.9072
680.0,0.0132,0.02805,0.0524,0.90635
681.0,0.0129,0.02895,0.05285,0.9053
682.0,0.0117,0.0282,0.0554,0.9047
683.0,0.0124,0.02785,0.0546,0.90515
684.0,0.01255,0.0282,0.0537,0.90555
685.0,0.0131,0.0283,0.05315,0.90545
686.0,0.01175,0.02905,0.054,0.9052
687.0,0.0117,0.02915,0.0544,0.90475
688.0,0.01195,0.02805,0.05485,0.90515
689.0,0.0112,0.02845,0.05535,0.905
690.0,0.01275,0.02765,0.05455,0.90505
691.0,0.01225,0.0282,0.05505,0.9045
692.0,0.01185,0.02855,0.05565,0.90395
693.0,0.01025,0.02885,0.05685,0.90405
694.0,0.01095,0.0277,0.0568,0.90455
695.0,0.0109,0.02705,0.0555,0.90655
696.0,0.0123,0.02555,0.05675,0.9054
697.0,0.0109,0.02615,0.0581,0.90485
698.0,0.0103,0.0246,0.0588,0.9063
699.0,0.00915,0.0252,0.05545,0.9102
700.0,0.01015,0.0246,0.05335,0.9119
701.0,0.0109,0.02515,0.0523,0.91165
702.0,0.01065,0.0259,0.05225,0.9112
703.0,0.0111,0.02655,0.0521,0.91025
704.0,0.0115,0.0268,0.05215,0.90955
705.0,0.01255,0.0258,0.05325,0.9084
706.0,0.0139,0.0265,0.05255,0.90705
707.0,0.01305,0.0292,0.0524,0.90535
708.0,0.01275,0.03015,0.05345,0.90365
709.0,0.0128,0.0302,0.05435,0.90265
710.0,0.01325,0.0305,0.0547,0.90155
711.0,0.0117,0.0301,0.0556,0.9026
712.0,0.0111,0.0298,0.0573,0.9018
713.0,0.01085,0.0297,0.05655,0.9029
714.0,0.01115,0.0288,0.0586,0.90145
715.0,0.01185,0.0271,0.06,0.90105
716.0,0.0103,0.0281,0.05865,0.90295
717.0,0.0108,0.0274,0.05785,0.90395
718.0,0.01175,0.0269,0.057,0.90435
719.0,0.0096,0.02715,0.0575,0.90575
720.0,0.01025,0.0257,0.05705,0.907
721.0,0.0114,0.0243,0.05655,0.90775
722.0,0.0119,0.0248,0.05595,0.90735
723.0,0.01165,0.0261,0.0554,0.90685
724.0,0.01105,0.02865,0.0542,0.9061
725.0,0.0106,0.0281,0.0547,0.9066
726.0,0.01205,0.0277,0.05585,0.9044
727.0,0.01085,0.02875,0.0558,0.9046
728.0,0.0107,0.029,0.0552,0.9051
729.0,0.01055,0.02845,0.0557,0.9053
730.0,0.0126,0.02685,0.0557,0.90485
