time,propSusceptible,propExposed,propInfected,propRecovered
0.0,0.9,0.0,0.1,0.0
1.0,0.2462,0.6538,0.06345,0.03655
2.0,0.06885,0.64795,0.2398,0.0434
3.0,0.01855,0.5105,0.39455,0.0764
4.0,0.00495,0.3789,0.4905,0.12565
5.0,0.0021,0.27175,0.53495,0.1912
6.0,0.00145,0.19655,0.53955,0.26245
7.0,0.00105,0.1422,0.5228,0.33395
8.0,0.0015,0.101,0.49585,0.40165
9.0,0.00175,0.07405,0.46065,0.46355
10.0,0.00255,0.05235,0.4232,0.5219
11.0,0.00215,0.0376,0.38315,0.5771
12.0,0.00215,0.02905,0.34455,0.62425
13.0,0.002,0.0224,0.30495,0.67065
14.0,0.00275,0.0163,0.273,0.70795
15.0,0.00335,0.01265,0.24205,0.74195
16.0,0.00365,0.0109,0.2143,0.77115
17.0,0.00375,0.00935,0.19035,0.79655
18.0,0.00435,0.00785,0.168,0.8198
19.0,0.0043,0.00815,0.1477,0.83985
20.0,0.0045,0.0089,0.1303,0.8563
21.0,0.004,0.00965,0.11385,0.8725
22.0,0.00535,0.00965,0.0997,0.8853
23.0,0.00435,0.01035,0.08845,0.89685
24.0,0.00565,0.01025,0.07965,0.90445
25.0,0.0046,0.01105,0.0709,0.91345
26.0,0.0053,0.01085,0.06465,0.9192
27.0,0.00525,0.01155,0.05725,0.92595
28.0,0.00615,0.01135,0.05215,0.93035
29.0,0.00605,0.01125,0.0476,0.9351
30.0,0.00645,0.01165,0.0443,0.9376
31.0,0.0053,0.0132,0.0406,0.9409
32.0,0.0065,0.0123,0.03865,0.94255
33.0,0.00635,0.0127,0.03755,0.9434
34.0,0.0064,0.0127,0.03715,0.94375
35.0,0.00525,0.01295,0.0348,0.947
36.0,0.0065,0.01235,0.03275,0.9484
37.0,0.00665,0.0128,0.03105,0.9495
38.0,0.00715,0.0134,0.02965,0.9498
39.0,0.00565,0.0141,0.03015,0.9501
40.0,0.00645,0.0141,0.0278,0.95165
41.0,0.00705,0.01385,0.0284,0.9507
42.0,0.0073,0.01425,0.0285,0.94995
43.0,0.00585,0.0151,0.02895,0.9501
44.0,0.0071,0.014,0.0289,0.95
45.0,0.00785,0.01445,0.02845,0.94925
46.0,0.0076,0.0161,0.0284,0.9479
47.0,0.00745,0.01615,0.0291,0.9473
48.0,0.0078,0.01625,0.02885,0.9471
49.0,0.0072,0.01665,0.0288,0.94735
50.0,0.00635,0.01745,0.02925,0.94695
51.0,0.0062,0.01695,0.03015,0.9467
52.0,0.00845,0.01535,0.0307,0.9455
53.0,0.0068,0.0163,0.03065,0.94625
54.0,0.0081,0.01565,0.03085,0.9454
55.0,0.00745,0.01695,0.0291,0.9465
56.0,0.0093,0.0168,0.0287,0.9452
57.0,0.0073,0.01865,0.0297,0.94435
58.0,0.0084,0.0179,0.0303,0.9434
59.0,0.0073,0.0192,0.03095,0.94255
60.0,0.0091,0.01815,0.03175,0.941
61.0,0.00745,0.01855,0.0321,0.9419
62.0,0.0076,0.01745,0.03265,0.9423
63.0,0.0069,0.01705,0.0333,0.94275
64.0,0.00835,0.0167,0.03305,0.9419
65.0,0.00915,0.01695,0.03205,0.94185
66.0,0.0088,0.01805,0.03305,0.9401
67.0,0.0071,0.01795,0.03375,0.9412
68.0,0.0092,0.01665,0.0348,0.93935
69.0,0.0082,0.0189,0.03335,0.93955
70.0,0.00785,0.01895,0.03415,0.93905
71.0,0.006,0.01885,0.03445,0.9407
72.0,0.00815,0.0177,0.03415,0.94
73.0,0.00895,0.01785,0.03415,0.93905
74.0,0.00975,0.0189,0.03375,0.9376
75.0,0.00865,0.02025,0.03345,0.93765
76.0,0.00955,0.01975,0.03465,0.93605
77.0,0.00825,0.02,0.03615,0.9356
78.0,0.00895,0.0197,0.0366,0.93475
79.0,0.0068,0.02025,0.03635,0.9366
80.0,0.0077,0.019,0.03735,0.93595
81.0,0.00965,0.0189,0.03755,0.9339
82.0,0.00975,0.0201,0.03665,0.9335
83.0,0.0083,0.0206,0.03755,0.93355
84.0,0.0104,0.02035,0.03805,0.9312
85.0,0.0086,0.02075,0.03895,0.9317
86.0,0.0096,0.02015,0.03925,0.931
87.0,0.00835,0.02095,0.0384,0.9323
88.0,0.00885,0.02165,0.03785,0.93165
89.0,0.0081,0.0219,0.0372,0.9328
90.0,0.0095,0.0208,0.03755,0.93215
91.0,0.0099,0.02135,0.0377,0.93105
92.0,0.011,0.0218,0.03715,0.93005
93.0,0.0103,0.02265,0.0378,0.92925
94.0,0.0095,0.0231,0.03865,0.92875
95.0,0.0077,0.02405,0.03885,0.9294
96.0,0.0096,0.0221,0.04115,0.92715
97.0,0.00955,0.02235,0.0417,0.9264
98.0,0.01025,0.0226,0.0416,0.92555
99.0,0.00915,0.0233,0.0418,0.92575
100.0,0.00965,0.0222,0.04235,0.9258
101.0,0.00895,0.02295,0.0428,0.9253
102.0,0.00985,0.0224,0.0436,0.92415
103.0,0.00915,0.02335,0.04295,0.92455
104.0,0.0095,0.02255,0.04365,0.9243
105.0,0.0092,0.0225,0.0437,0.9246
106.0,0.00875,0.022,0.04365,0.9256
107.0,0.00815,0.02215,0.0437,0.926
108.0,0.01005,0.0212,0.044,0.92475
109.0,0.009,0.0222,0.04385,0.92495
110.0,0.0105,0.0223,0.04265,0.92455
111.0,0.0096,0.0221,0.0436,0.9247
112.0,0.0101,0.0223,0.04325,0.92435
113.0,0.00905,0.02315,0.04365,0.92415
114.0,0.0112,0.02185,0.0454,0.92155
115.0,0.0096,0.022,0.04505,0.92335
116.0,0.00955,0.02325,0.04475,0.92245
117.0,0.0101,0.02265,0.04515,0.9221
118.0,0.00815,0.02385,0.0441,0.9239
119.0,0.0072,0.02245,0.0456,0.92475
120.0,0.0102,0.02175,0.04415,0.9239
121.0,0.011,0.0211,0.04395,0.92395
122.0,0.01085,0.0227,0.0428,0.92365
123.0,0.0089,0.02415,0.042,0.92495
124.0,0.01075,0.02225,0.0432,0.9238
125.0,0.00875,0.0231,0.0436,0.92455
126.0,0.0092,0.02065,0.0458,0.92435
127.0,0.00915,0.0212,0.0454,0.92425
128.0,0.0101,0.021,0.0443,0.9246
129.0,0.0107,0.0213,0.04425,0.92375
130.0,0.0113,0.02205,0.04305,0.9236
131.0,0.0096,0.0238,0.04145,0.92515
132.0,0.01025,0.0236,0.04205,0.9241
133.0,0.0108,0.02465,0.043,0.92155
134.0,0.00955,0.02485,0.04375,0.92185
135.0,0.0101,0.0248,0.04425,0.92085
136.0,0.0116,0.02415,0.04625,0.918
137.0,0.01045,0.0244,0.0468,0.91835
138.0,0.01175,0.02425,0.04645,0.91755
139.0,0.0097,0.0246,0.04735,0.91835
140.0,0.01075,0.0239,0.0476,0.91775
141.0,0.01015,0.0241,0.04745,0.9183
142.0,0.00905,0.0239,0.04775,0.9193
143.0,0.0079,0.0234,0.0467,0.922
144.0,0.00945,0.02175,0.04795,0.92085
145.0,0.00925,0.02195,0.04685,0.92195
146.0,0.0112,0.022,0.0465,0.9203
147.0,0.0118,0.02355,0.04635,0.9183
148.0,0.0115,0.02465,0.04665,0.9172
149.0,0.00985,0.02475,0.04695,0.91845
150.0,0.0113,0.02325,0.0489,0.91655
151.0,0.0094,0.0248,0.04855,0.91725
152.0,0.00895,0.0239,0.0497,0.91745
153.0,0.00945,0.02275,0.04995,0.91785
154.0,0.01085,0.0228,0.0492,0.91715
155.0,0.0091,0.0231,0.04955,0.91825
156.0,0.01095,0.023,0.04795,0.9181
157.0,0.0111,0.02265,0.0496,0.91665
158.0,0.0112,0.0229,0.0472,0.9187
159.0,0.0098,0.02405,0.0468,0.91935
160.0,0.0098,0.0235,0.04675,0.91995
161.0,0.009,0.0243,0.0454,0.9213
162.0,0.01165,0.02275,0.046,0.9196
163.0,0.0104,0.02515,0.04565,0.9188
164.0,0.01045,0.02535,0.046,0.9182
165.0,0.01025,0.025,0.0451,0.91965
166.0,0.01085,0.02435,0.04625,0.91855
167.0,0.01025,0.0252,0.0467,0.91785
168.0,0.0108,0.02585,0.0464,0.91695
169.0,0.01,0.026,0.0471,0.9169
170.0,0.00995,0.02555,0.04625,0.91825
171.0,0.00925,0.02455,0.0474,0.9188
172.0,0.012,0.023,0.0473,0.9177
173.0,0.01045,0.02465,0.04625,0.91865
174.0,0.0103,0.0256,0.04585,0.91825
175.0,0.01135,0.02495,0.0468,0.9169
176.0,0.0116,0.02495,0.04765,0.9158
177.0,0.0106,0.02515,0.0476,0.91665
178.0,0.0115,0.02565,0.04735,0.9155
179.0,0.00895,0.027,0.0476,0.91645
180.0,0.0103,0.0257,0.0485,0.9155
181.0,0.00995,0.02595,0.0486,0.9155
182.0,0.01025,0.02505,0.04945,0.91525
183.0,0.0112,0.02405,0.0498,0.91495
184.0,0.0107,0.02525,0.0505,0.91355
185.0,0.00995,0.02525,0.05065,0.91415
186.0,0.01295,0.0244,0.05135,0.9113
187.0,0.01115,0.02665,0.05125,0.91095
188.0,0.01075,0.02695,0.0511,0.9112
189.0,0.01085,0.0262,0.0511,0.91185
190.0,0.01115,0.02545,0.0514,0.912
191.0,0.0102,0.0263,0.0514,0.9121
192.0,0.01185,0.02555,0.0511,0.9115
193.0,0.0103,0.02555,0.05135,0.9128
194.0,0.0115,0.026,0.0505,0.912
195.0,0.01,0.02655,0.05025,0.9132
196.0,0.0114,0.02575,0.05025,0.9126
197.0,0.00975,0.0261,0.05085,0.9133
198.0,0.01025,0.0251,0.0512,0.91345
199.0,0.00945,0.0246,0.05225,0.9137
200.0,0.00995,0.0255,0.05125,0.9133
201.0,0.01115,0.02465,0.05275,0.91145
202.0,0.0124,0.02465,0.0518,0.91115
203.0,0.0101,0.0257,0.0524,0.9118
204.0,0.01235,0.025,0.05245,0.9102
205.0,0.01135,0.0262,0.0524,0.91005
206.0,0.01165,0.02685,0.0522,0.9093
207.0,0.01105,0.02725,0.0517,0.91
208.0,0.0103,0.02705,0.0517,0.91095
209.0,0.0095,0.0269,0.05155,0.91205
210.0,0.0119,0.0248,0.05255,0.91075
211.0,0.01045,0.0255,0.0523,0.91175
212.0,0.01045,0.02585,0.05285,0.91085
213.0,0.01035,0.02605,0.0527,0.9109
214.0,0.01025,0.0255,0.05195,0.9123
215.0,0.009,0.02535,0.0516,0.91405
216.0,0.0104,0.0246,0.05155,0.91345
217.0,0.0105,0.024,0.0517,0.9138
218.0,0.01075,0.02395,0.05155,0.91375
219.0,0.01125,0.02335,0.05215,0.91325
220.0,0.01125,0.02425,0.0503,0.9142
221.0,0.0099,0.02455,0.0502,0.91535
222.0,0.0102,0.02515,0.04895,0.9157
223.0,0.01095,0.02495,0.04885,0.91525
224.0,0.01005,0.02555,0.0489,0.9155
225.0,0.01225,0.0246,0.04955,0.9136
226.0,0.0132,0.02475,0.05025,0.9118
227.0,0.0109,0.0272,0.0504,0.9115
228.0,0.0117,0.02665,0.0517,0.90995
229.0,0.0112,0.02805,0.0515,0.90925
230.0,0.01035,0.0264,0.05355,0.9097
231.0,0.01055,0.02525,0.05355,0.91065
232.0,0.01115,0.02505,0.05235,0.91145
233.0,0.0106,0.0256,0.05225,0.91155
234.0,0.0111,0.02585,0.05105,0.912
235.0,0.0113,0.02585,0.05025,0.9126
236.0,0.01195,0.0261,0.0507,0.91125
237.0,0.01155,0.0265,0.05155,0.9104
238.0,0.0099,0.02645,0.05135,0.9123
239.0,0.00795,0.0255,0.04995,0.9166
240.0,0.01025,0.0244,0.0491,0.91625
241.0,0.0109,0.02395,0.0481,0.91705
242.0,0.0121,0.02315,0.0501,0.91465
243.0,0.01205,0.02445,0.0497,0.9138
244.0,0.0118,0.0259,0.04895,0.91335
245.0,0.0106,0.02705,0.04925,0.9131
246.0,0.01215,0.0263,0.05105,0.9105
247.0,0.0111,0.0272,0.0507,0.911
248.0,0.01225,0.02645,0.0523,0.909
249.0,0.0114,0.02715,0.05125,0.9102
250.0,0.011,0.02645,0.05125,0.9113
251.0,0.00865,0.0272,0.0514,0.91275
252.0,0.0102,0.0246,0.0523,0.9129
253.0,0.00955,0.02495,0.05005,0.91545
254.0,0.01155,0.0239,0.04975,0.9148
255.0,0.01075,0.0252,0.0489,0.91515
256.0,0.0107,0.02525,0.0495,0.91455
257.0,0.01,0.02445,0.0508,0.91475
258.0,0.0111,0.0253,0.04885,0.91475
259.0,0.01045,0.0256,0.04935,0.9146
260.0,0.0113,0.0247,0.05005,0.91395
261.0,0.012,0.02575,0.05,0.91225
262.0,0.01165,0.02735,0.0501,0.9109
263.0,0.0102,0.02735,0.05065,0.9118
264.0,0.01,0.0269,0.05185,0.91125
265.0,0.011,0.0269,0.05035,0.91175
266.0,0.01175,0.02755,0.0506,0.9101
267.0,0.00995,0.02845,0.05,0.9116
268.0,0.01155,0.02655,0.0511,0.9108
269.0,0.01025,0.0272,0.0515,0.91105
270.0,0.01065,0.0261,0.0533,0.90995
271.0,0.01115,0.02585,0.05335,0.90965
272.0,0.0118,0.026,0.0527,0.9095
273.0,0.0122,0.0258,0.054,0.908
274.0,0.01165,0.0266,0.05235,0.9094
275.0,0.01065,0.02755,0.0516,0.9102
276.0,0.01255,0.02645,0.0539,0.9071
277.0,0.01175,0.0271,0.05445,0.9067
278.0,0.00995,0.0282,0.05475,0.9071
279.0,0.01115,0.02645,0.0544,0.908
280.0,0.01235,0.0256,0.05495,0.9071
281.0,0.01065,0.02715,0.05435,0.90785
282.0,0.012,0.0263,0.05445,0.90725
283.0,0.0103,0.02765,0.05355,0.9085
284.0,0.0106,0.0262,0.05315,0.91005
285.0,0.01155,0.02615,0.0528,0.9095
286.0,0.01035,0.0265,0.05365,0.9095
287.0,0.0091,0.02555,0.0533,0.91205
288.0,0.01005,0.0253,0.051,0.91365
289.0,0.01075,0.02485,0.0509,0.9135
290.0,0.01185,0.0255,0.05135,0.9113
291.0,0.0118,0.02545,0.0525,0.91025
292.0,0.0128,0.02655,0.05115,0.9095
293.0,0.01195,0.027,0.0522,0.90885
294.0,0.0121,0.0278,0.05205,0.90805
295.0,0.0115,0.02775,0.05405,0.9067
296.0,0.01055,0.02825,0.0539,0.9073
297.0,0.01145,0.0273,0.05435,0.9069
298.0,0.01075,0.0268,0.055,0.90745
299.0,0.00975,0.02605,0.0549,0.9093
300.0,0.0112,0.02415,0.055,0.90965
301.0,0.011,0.0246,0.0544,0.91
302.0,0.01225,0.0255,0.0527,0.90955
303.0,0.0117,0.02665,0.05195,0.9097
304.0,0.01185,0.0267,0.053,0.90845
305.0,0.0112,0.0273,0.0529,0.9086
306.0,0.01155,0.02635,0.05305,0.90905
307.0,0.0108,0.0272,0.0525,0.9095
308.0,0.01235,0.0249,0.0537,0.90905
309.0,0.0118,0.02595,0.05285,0.9094
310.0,0.01345,0.0264,0.05285,0.9073
311.0,0.01035,0.0287,0.05245,0.9085
312.0,0.0118,0.0275,0.0534,0.9073
313.0,0.0115,0.0261,0.055,0.9074
314.0,0.01145,0.02545,0.056,0.9071
315.0,0.0099,0.0258,0.05615,0.90815
316.0,0.0112,0.0266,0.0536,0.9086
317.0,0.0118,0.0264,0.05285,0.90895
318.0,0.0116,0.02735,0.05225,0.9088
319.0,0.0108,0.02735,0.05275,0.9091
320.0,0.01065,0.02625,0.054,0.9091
321.0,0.01,0.02655,0.05335,0.9101
322.0,0.01025,0.02625,0.05235,0.91115
323.0,0.0104,0.02585,0.0518,0.91195
324.0,0.0101,0.0263,0.0519,0.9117
325.0,0.01125,0.0253,0.05105,0.9124
326.0,0.0115,0.0265,0.04975,0.91225
327.0,0.01265,0.02615,0.05025,0.91095
328.0,0.0125,0.0269,0.05145,0.90915
329.0,0.01145,0.0273,0.05245,0.9088
330.0,0.01175,0.0272,0.05165,0.9094
331.0,0.01185,0.02745,0.05225,0.90845
332.0,0.01235,0.0276,0.0515,0.90855
333.0,0.01205,0.02815,0.05015,0.90965
334.0,0.01125,0.02845,0.0503,0.91
335.0,0.0091,0.0287,0.051,0.9112
336.0,0.0095,0.0272,0.0524,0.9109
337.0,0.00955,0.02585,0.0529,0.9117
338.0,0.01215,0.025,0.0532,0.90965
339.0,0.0101,0.02635,0.0523,0.91125
340.0,0.01215,0.02585,0.05205,0.90995
341.0,0.01045,0.0262,0.05235,0.911
342.0,0.0107,0.02555,0.05385,0.9099
343.0,0.01155,0.02405,0.0545,0.9099
344.0,0.011,0.0252,0.05255,0.91125
345.0,0.01315,0.0251,0.0527,0.90905
346.0,0.01235,0.0274,0.0525,0.90775
347.0,0.0115,0.0278,0.05305,0.90765
348.0,0.0114,0.0271,0.05285,0.90865
349.0,0.01095,0.02795,0.0532,0.9079
350.0,0.01115,0.0266,0.05495,0.9073
351.0,0.01055,0.02695,0.05355,0.90895
352.0,0.01195,0.02565,0.0535,0.9089
353.0,0.01215,0.027,0.05325,0.9076
354.0,0.0111,0.0278,0.05415,0.90695
355.0,0.01045,0.0267,0.0544,0.90845
356.0,0.01075,0.0264,0.05355,0.9093
357.0,0.01155,0.0261,0.0538,0.90855
358.0,0.0102,0.0267,0.05335,0.90975
359.0,0.01055,0.02705,0.05325,0.90915
360.0,0.00995,0.02715,0.0531,0.9098
361.0,0.0104,0.02565,0.05335,0.9106
362.0,0.0116,0.0259,0.0525,0.91
363.0,0.0113,0.02645,0.05325,0.909
364.0,0.01195,0.02635,0.05375,0.90795
365.0,0.01175,0.02725,0.0527,0.9083
366.0,0.01395,0.02625,0.05545,0.90435
367.0,0.0128,0.02875,0.0541,0.90435
368.0,0.01275,0.02955,0.05455,0.90315
369.0,0.0128,0.03015,0.05285,0.9042
370.0,0.0121,0.03,0.05465,0.90325
371.0,0.01195,0.02905,0.05555,0.90345
372.0,0.0117,0.0284,0.0572,0.9027
373.0,0.0114,0.0288,0.0562,0.9036
374.0,0.011,0.02875,0.05575,0.9045
375.0,0.01085,0.02715,0.0558,0.9062
376.0,0.01065,0.0279,0.0539,0.90755
377.0,0.00965,0.0263,0.0552,0.90885
378.0,0.0106,0.02615,0.0544,0.90885
379.0,0.01055,0.0256,0.05405,0.9098
380.0,0.0131,0.02445,0.05525,0.9072
381.0,0.01365,0.0274,0.0532,0.90575
382.0,0.01305,0.02785,0.0544,0.9047
383.0,0.0102,0.0291,0.0534,0.9073
384.0,0.012,0.02755,0.05425,0.9062
385.0,0.0112,0.02905,0.05475,0.905
386.0,0.01145,0.0299,0.05565,0.903
387.0,0.0114,0.02985,0.0555,0.90325
388.0,0.01055,0.029,0.05735,0.9031
389.0,0.0103,0.0281,0.05675,0.90485
390.0,0.0108,0.02795,0.05625,0.905
391.0,0.0101,0.0273,0.05595,0.90665
392.0,0.01105,0.02645,0.05615,0.90635
393.0,0.01165,0.027,0.05535,0.906
394.0,0.01135,0.0273,0.0548,0.90655
395.0,0.0101,0.02765,0.05445,0.9078
396.0,0.0123,0.02545,0.0561,0.90615
397.0,0.0117,0.02695,0.05555,0.9058
398.0,0.0097,0.0272,0.0556,0.9075
399.0,0.0119,0.02415,0.0573,0.90665
400.0,0.0107,0.02615,0.05415,0.909
401.0,0.01095,0.02665,0.0531,0.9093
402.0,0.0115,0.0264,0.0529,0.9092
403.0,0.0104,0.02525,0.0544,0.90995
404.0,0.01095,0.02475,0.05425,0.91005
405.0,0.0126,0.02525,0.05395,0.9082
406.0,0.0128,0.0265,0.05445,0.90625
407.0,0.0119,0.02785,0.056,0.90425
408.0,0.0136,0.02775,0.0555,0.90315
409.0,0.01225,0.02915,0.05495,0.90365
410.0,0.0124,0.02865,0.0554,0.90355
411.0,0.01275,0.0286,0.05485,0.9038
412.0,0.01315,0.0299,0.0542,0.90275
413.0,0.01045,0.03035,0.0555,0.9037
414.0,0.0108,0.0291,0.0566,0.9035
415.0,0.0113,0.029,0.05555,0.90415
416.0,0.0114,0.02725,0.0568,0.90455
417.0,0.01065,0.0268,0.05765,0.9049
418.0,0.01125,0.0258,0.05675,0.9062
419.0,0.01055,0.025,0.05655,0.9079
420.0,0.0119,0.02425,0.0557,0.90815
421.0,0.0115,0.02625,0.0545,0.90775
422.0,0.01205,0.0264,0.05375,0.9078
423.0,0.0122,0.02795,0.0529,0.90695
424.0,0.01165,0.02865,0.0531,0.9066
425.0,0.01065,0.02885,0.05365,0.90685
426.0,0.0109,0.02805,0.05615,0.9049
427.0,0.01055,0.02575,0.05845,0.90525
428.0,0.01095,0.02605,0.05695,0.90605
429.0,0.01005,0.02615,0.05685,0.90695
430.0,0.0106,0.02595,0.0558,0.90765
431.0,0.0094,0.0252,0.0558,0.9096
432.0,0.0108,0.02495,0.05475,0.9095
433.0,0.01095,0.02495,0.0541,0.91
434.0,0.01025,0.02435,0.05505,0.91035
435.0,0.0122,0.02305,0.0545,0.91025
436.0,0.01165,0.02575,0.0533,0.9093
437.0,0.0101,0.0261,0.05275,0.91105
438.0,0.01125,0.0253,0.0529,0.91055
439.0,0.01005,0.02505,0.05335,0.91155
440.0,0.0113,0.02445,0.0523,0.91195
441.0,0.0113,0.0247,0.05165,0.91235
442.0,0.01305,0.0252,0.05095,0.9108
443.0,0.01285,0.02605,0.05215,0.90895
444.0,0.01425,0.02775,0.05115,0.90685
445.0,0.01295,0.02925,0.05205,0.90575
446.0,0.0127,0.0299,0.05305,0.90435
447.0,0.01115,0.02985,0.05455,0.90445
448.0,0.0107,0.0289,0.0554,0.905
449.0,0.0098,0.0285,0.05375,0.90795
450.0,0.01025,0.027,0.05445,0.9083
451.0,0.0109,0.02635,0.05515,0.9076
452.0,0.0134,0.02615,0.0542,0.90625
453.0,0.0126,0.02625,0.0549,0.90625
454.0,0.01115,0.0272,0.0543,0.90735
455.0,0.00965,0.0263,0.054,0.91005
456.0,0.0122,0.02565,0.0535,0.90865
457.0,0.01245,0.0273,0.0533,0.90695
458.0,0.0121,0.02935,0.05305,0.9055
459.0,0.0108,0.02755,0.05515,0.9065
460.0,0.01065,0.0279,0.05365,0.9078
461.0,0.0105,0.0272,0.0544,0.9079
462.0,0.01145,0.0262,0.05485,0.9075
463.0,0.01065,0.0262,0.05575,0.9074
464.0,0.01155,0.02525,0.0563,0.9069
465.0,0.01355,0.02555,0.0544,0.9065
466.0,0.014,0.02775,0.05275,0.9055
467.0,0.0113,0.02905,0.0532,0.90645
468.0,0.0119,0.0281,0.05405,0.90595
469.0,0.01315,0.02805,0.0543,0.9045
470.0,0.0142,0.02705,0.05595,0.9028
471.0,0.0119,0.0296,0.0544,0.9041
472.0,0.0134,0.02935,0.05525,0.902
473.0,0.01095,0.03025,0.0554,0.9034
474.0,0.0118,0.0282,0.0565,0.9035
475.0,0.01095,0.0283,0.05665,0.9041
476.0,0.01015,0.0278,0.0568,0.90525
477.0,0.0109,0.02705,0.0558,0.90625
478.0,0.0096,0.0277,0.05465,0.90805
479.0,0.00915,0.027,0.05415,0.9097
480.0,0.0109,0.0257,0.05385,0.90955
481.0,0.0111,0.02565,0.05345,0.9098
482.0,0.01225,0.02465,0.0547,0.9084
483.0,0.0117,0.0261,0.05305,0.90915
484.0,0.01265,0.0253,0.0538,0.90825
485.0,0.0125,0.02625,0.05375,0.9075
486.0,0.0134,0.02695,0.0534,0.90625
487.0,0.01195,0.02855,0.05305,0.90645
488.0,0.0109,0.0288,0.0536,0.9067
489.0,0.0122,0.0272,0.05445,0.90615
490.0,0.012,0.0271,0.05405,0.90685
491.0,0.01125,0.027,0.0544,0.90735
492.0,0.01265,0.02725,0.0525,0.9076
493.0,0.01195,0.02905,0.0515,0.9075
494.0,0.01245,0.02795,0.0527,0.9069
495.0,0.0123,0.0276,0.05295,0.90715
496.0,0.011,0.02805,0.0537,0.90725
497.0,0.0107,0.02865,0.0539,0.90675
498.0,0.0133,0.0271,0.05415,0.90545
499.0,0.01295,0.0287,0.0551,0.90325
500.0,0.01215,0.0301,0.0554,0.90235
501.0,0.0116,0.02935,0.0569,0.90215
502.0,0.0107,0.029,0.05765,0.90265
503.0,0.0097,0.02875,0.0559,0.90565
504.0,0.01045,0.02715,0.0561,0.9063
505.0,0.0104,0.0262,0.0569,0.9065
506.0,0.0115,0.0259,0.05535,0.90725
507.0,0.0114,0.02625,0.0546,0.90775
508.0,0.012,0.02625,0.0543,0.90745
509.0,0.01175,0.02685,0.0529,0.9085
510.0,0.013,0.02635,0.0542,0.90645
511.0,0.0116,0.0278,0.0531,0.9075
512.0,0.0114,0.0275,0.0541,0.907
513.0,0.01235,0.02605,0.05515,0.90645
514.0,0.0119,0.02745,0.0537,0.90695
515.0,0.01005,0.02855,0.05295,0.90845
516.0,0.0123,0.0277,0.05355,0.90645
517.0,0.0122,0.02865,0.0539,0.90525
518.0,0.01075,0.0297,0.05495,0.9046
519.0,0.01045,0.0283,0.0555,0.90575
520.0,0.01015,0.02745,0.05665,0.90575
521.0,0.01125,0.0259,0.05775,0.9051
522.0,0.01275,0.02545,0.05785,0.90395
523.0,0.012,0.0263,0.05815,0.90355
524.0,0.01035,0.0271,0.05755,0.905
525.0,0.01165,0.0271,0.056,0.90525
526.0,0.01165,0.0273,0.05415,0.9069
527.0,0.00995,0.0269,0.0553,0.90785
528.0,0.0106,0.0259,0.05455,0.90895
529.0,0.01025,0.0245,0.05425,0.911
530.0,0.0101,0.02415,0.0539,0.91185
531.0,0.01075,0.0248,0.0527,0.91175
532.0,0.0112,0.0255,0.05135,0.91195
533.0,0.01165,0.02545,0.05115,0.91175
534.0,0.01215,0.0259,0.0527,0.90925
535.0,0.0137,0.0266,0.05225,0.90745
536.0,0.01335,0.02895,0.05245,0.90525
537.0,0.01305,0.02915,0.0543,0.9035
538.0,0.0118,0.03055,0.0536,0.90405
539.0,0.0099,0.02805,0.0571,0.90495
540.0,0.0111,0.02695,0.0578,0.90415
541.0,0.01,0.02745,0.0569,0.90565
542.0,0.01205,0.02675,0.0566,0.9046
543.0,0.01185,0.02655,0.0575,0.9041
544.0,0.00985,0.02835,0.05565,0.90615
545.0,0.01075,0.02665,0.05555,0.90705
546.0,0.012,0.0256,0.05545,0.90695
547.0,0.01065,0.0263,0.0564,0.90665
548.0,0.01225,0.0259,0.0553,0.90655
549.0,0.01135,0.027,0.054,0.90765
550.0,0.0118,0.02755,0.05355,0.9071
551.0,0.01055,0.02845,0.0526,0.9084
552.0,0.01325,0.0264,0.0541,0.90625
553.0,0.01245,0.0287,0.0532,0.90565
554.0,0.01225,0.0302,0.053,0.90455
555.0,0.01235,0.02965,0.05345,0.90455
556.0,0.01145,0.0286,0.0547,0.90525
557.0,0.01025,0.0278,0.0553,0.90665
558.0,0.0112,0.02685,0.0543,0.90765
559.0,0.01135,0.02685,0.05525,0.90655
560.0,0.01175,0.02705,0.0538,0.9074
561.0,0.01265,0.02815,0.0538,0.9054
562.0,0.0116,0.02975,0.0531,0.90555
563.0,0.01085,0.0285,0.05525,0.9054
564.0,0.0116,0.027,0.05535,0.90605
565.0,0.0125,0.02775,0.05415,0.9056
566.0,0.01195,0.0287,0.0529,0.90645
567.0,0.0106,0.02905,0.0537,0.90665
568.0,0.01245,0.0262,0.0559,0.90545
569.0,0.0109,0.0271,0.0572,0.9048
570.0,0.012,0.0271,0.05715,0.90375
571.0,0.01065,0.0284,0.0575,0.90345
572.0,0.0102,0.02805,0.05735,0.9044
573.0,0.00995,0.0277,0.05665,0.9057
574.0,0.01155,0.0276,0.05365,0.9072
575.0,0.0102,0.02755,0.05495,0.9073
576.0,0.0122,0.02565,0.0554,0.90675
577.0,0.01175,0.02655,0.0547,0.907
578.0,0.0126,0.0267,0.0541,0.9066
579.0,0.01265,0.0277,0.0536,0.90605
580.0,0.01115,0.02875,0.0537,0.9064
581.0,0.0128,0.028,0.05405,0.90515
582.0,0.0126,0.0287,0.0547,0.904
583.0,0.0128,0.0288,0.0548,0.9036
584.0,0.0122,0.02885,0.05515,0.9038
585.0,0.0125,0.03015,0.0538,0.90355
586.0,0.0124,0.02875,0.05585,0.903
587.0,0.0111,0.0293,0.0555,0.9041
588.0,0.0131,0.02895,0.0548,0.90315
589.0,0.011,0.031,0.0546,0.9034
590.0,0.01135,0.03005,0.0544,0.9042
591.0,0.0105,0.02935,0.0552,0.90495
592.0,0.01095,0.02685,0.0581,0.9041
593.0,0.0099,0.0259,0.05885,0.90535
594.0,0.0104,0.02565,0.058,0.90595
595.0,0.01055,0.0254,0.05705,0.907
596.0,0.01065,0.02615,0.05525,0.90795
597.0,0.0106,0.02585,0.05595,0.9076
598.0,0.0111,0.0268,0.05535,0.90675
599.0,0.0102,0.02615,0.055,0.90865
600.0,0.0104,0.02535,0.05525,0.909
601.0,0.0113,0.0238,0.0549,0.91
602.0,0.01255,0.0237,0.0545,0.90925
603.0,0.01305,0.0261,0.0527,0.90815
604.0,0.01255,0.0273,0.054,0.90615
605.0,0.01145,0.0271,0.0562,0.90525
606.0,0.01195,0.02695,0.056,0.9051
607.0,0.01175,0.02745,0.05605,0.90475
608.0,0.01185,0.02805,0.05565,0.90445
609.0,0.01225,0.02865,0.05425,0.90485
610.0,0.01165,0.02915,0.05385,0.90535
611.0,0.01025,0.0299,0.05425,0.9056
612.0,0.01115,0.0273,0.05685,0.9047
613.0,0.0113,0.0272,0.05715,0.90435
614.0,0.01115,0.027,0.0559,0.90595
615.0,0.01115,0.0278,0.05455,0.9065
616.0,0.0121,0.0275,0.05415,0.90625
617.0,0.01135,0.0285,0.05515,0.905
618.0,0.01235,0.029,0.05505,0.9036
619.0,0.0128,0.02865,0.0565,0.90205
620.0,0.0125,0.0292,0.05765,0.90065
621.0,0.01005,0.0299,0.057,0.90305
622.0,0.01235,0.0275,0.05855,0.9016
623.0,0.0112,0.02655,0.0588,0.90345
624.0,0.0106,0.02585,0.0583,0.90525
625.0,0.01155,0.02505,0.05845,0.90495
626.0,0.01185,0.02555,0.05555,0.90705
627.0,0.01155,0.02615,0.0535,0.9088
628.0,0.01255,0.02555,0.054,0.9079
629.0,0.0108,0.0275,0.0532,0.9085
630.0,0.01085,0.02715,0.0533,0.9087
631.0,0.0121,0.0262,0.05395,0.90775
632.0,0.0135,0.02655,0.0543,0.90565
633.0,0.01255,0.0282,0.0542,0.90505
634.0,0.013,0.0288,0.0545,0.9037
635.0,0.01165,0.0298,0.0541,0.90445
636.0,0.01295,0.0294,0.0538,0.90385
637.0,0.0113,0.02975,0.0547,0.90425
638.0,0.01105,0.02865,0.056,0.9043
639.0,0.0105,0.0281,0.0551,0.9063
640.0,0.01175,0.02715,0.05535,0.90575
641.0,0.0103,0.0279,0.05525,0.90655
642.0,0.01085,0.0272,0.0553,0.90665
643.0,0.01045,0.0278,0.0545,0.90725
644.0,0.01025,0.0276,0.0531,0.90905
645.0,0.0115,0.0262,0.0545,0.9078
646.0,0.01005,0.02755,0.05455,0.90785
647.0,0.00975,0.0272,0.0531,0.90995
648.0,0.01055,0.02635,0.05245,0.91065
649.0,0.01055,0.02555,0.0524,0.9115
650.0,0.0115,0.02455,0.05295,0.911
651.0,0.0126,0.02455,0.0516,0.91125
652.0,0.0132,0.02735,0.04975,0.9097
653.0,0.0129,0.02875,0.0498,0.90855
654.0,0.012,0.0294,0.0504,0.9082
655.0,0.0108,0.02925,0.05055,0.9094
656.0,0.01205,0.0284,0.0513,0.90825
657.0,0.01125,0.02895,0.0524,0.9074
658.0,0.0107,0.02915,0.053,0.90715
659.0,0.01265,0.0266,0.05435,0.9064
660.0,0.0126,0.0268,0.0553,0.9053
661.0,0.01235,0.02765,0.05615,0.90385
662.0,0.0128,0.02795,0.0551,0.90415
663.0,0.01205,0.0296,0.0556,0.90275
664.0,0.01135,0.0302,0.05505,0.9034
665.0,0.0123,0.0284,0.05625,0.90305
666.0,0.0117,0.029,0.0561,0.9032
667.0,0.0113,0.0293,0.056,0.9034
668.0,0.01055,0.02705,0.0573,0.9051
669.0,0.01135,0.02655,0.05745,0.90465
670.0,0.0101,0.0263,0.0568,0.9068
671.0,0.00975,0.02565,0.0567,0.9079
672.0,0.0117,0.0247,0.0565,0.9071
673.0,0.01175,0.02535,0.05595,0.90695
674.0,0.01195,0.0268,0.0544,0.90685
675.0,0.01075,0.0278,0.0545,0.90695
676.0,0.01345,0.026,0.05605,0.9045
677.0,0.01135,0.0281,0.0558,0.90475
678.0,0.01215,0.02755,0.05605,0.90425
679.0,0.01035,0.0285,0.05455,0.9066
680.0,0.0128,0.0268,0.0555,0.9049
681.0,0.0127,0.0284,0.0536,0.9053
682.0,0.0119,0.02755,0.055,0.90555
683.0,0.0117,0.0289,0.05395,0.90545
684.0,0.01205,0.0288,0.05425,0.9049
685.0,0.0124,0.02835,0.0551,0.90415
686.0,0.01105,0.0288,0.0563,0.90385
687.0,0.01105,0.02795,0.0577,0.9033
688.0,0.0118,0.02785,0.05655,0.9038
689.0,0.01165,0.0274,0.0572,0.90375
690.0,0.01275,0.02805,0.0563,0.9029
691.0,0.0126,0.0281,0.0569,0.9024
692.0,0.0106,0.02835,0.0574,0.90365
693.0,0.01165,0.0274,0.0585,0.90245
694.0,0.0115,0.0261,0.0579,0.9045
695.0,0.0106,0.02545,0.05925,0.9047
696.0,0.01175,0.0257,0.0578,0.90475
697.0,0.0112,0.02685,0.05705,0.9049
698.0,0.00965,0.0271,0.05695,0.9063
699.0,0.0093,0.0272,0.0553,0.9082
700.0,0.0091,0.0255,0.05575,0.90965
701.0,0.01,0.0255,0.05485,0.90965
702.0,0.011,0.0241,0.0551,0.9098
703.0,0.0108,0.0246,0.0537,0.9109
704.0,0.01205,0.0243,0.0534,0.91025
705.0,0.0129,0.0259,0.0528,0.9084
706.0,0.01365,0.0275,0.05275,0.9061
707.0,0.01235,0.029,0.0526,0.90605
708.0,0.0131,0.02845,0.05405,0.9044
709.0,0.0128,0.0303,0.0535,0.9034
710.0,0.0122,0.03095,0.0535,0.90335
711.0,0.01215,0.02975,0.0553,0.9028
712.0,0.01295,0.02925,0.05645,0.90135
713.0,0.011,0.0304,0.05595,0.90265
714.0,0.01095,0.02945,0.05615,0.90345
715.0,0.0093,0.0307,0.05425,0.90575
716.0,0.01185,0.02865,0.0548,0.9047
717.0,0.0113,0.0282,0.05565,0.90485
718.0,0.0096,0.0271,0.0568,0.9065
719.0,0.00875,0.026,0.0568,0.90845
720.0,0.0111,0.0236,0.0556,0.9097
721.0,0.0099,0.02475,0.05415,0.9112
722.0,0.0107,0.02425,0.05455,0.9105
723.0,0.01185,0.02495,0.0543,0.9089
724.0,0.01195,0.02595,0.05385,0.90825
725.0,0.01015,0.02635,0.05415,0.90935
726.0,0.01125,0.0253,0.05435,0.9091
727.0,0.00995,0.0264,0.05325,0.9104
728.0,0.009,0.02625,0.0536,0.91115
729.0,0.01155,0.0247,0.05295,0.9108
730.0,0.01185,0.02615,0.05285,0.90915
