time,propSusceptible,propExposed,propInfected,propRecovered
0.0,0.9,0.0,0.1,0.0
1.0,0.25065,0.64935,0.0662,0.0338
2.0,0.06865,0.6455,0.243,0.04285
3.0,0.01985,0.5122,0.39105,0.0769
4.0,0.0055,0.38215,0.48295,0.1294
5.0,0.0017,0.2803,0.5235,0.1945
6.0,0.00095,0.20175,0.53505,0.26225
7.0,0.001,0.14685,0.52045,0.3317
8.0,0.0016,0.1055,0.4946,0.3983
9.0,0.00155,0.07625,0.46115,0.46105
10.0,0.002,0.0557,0.42275,0.51955
11.0,0.00185,0.04175,0.3825,0.5739
12.0,0.00235,0.0312,0.3435,0.62295
13.0,0.00255,0.02325,0.30395,0.67025
14.0,0.0037,0.0177,0.2692,0.7094
15.0,0.00275,0.0152,0.23915,0.7429
16.0,0.0031,0.0126,0.21105,0.77325
17.0,0.0032,0.01115,0.18575,0.7999
18.0,0.0044,0.01015,0.16315,0.8223
19.0,0.00475,0.00995,0.1442,0.8411
20.0,0.0055,0.01005,0.12575,0.8587
21.0,0.00395,0.01105,0.113,0.872
22.0,0.00375,0.0099,0.1018,0.88455
23.0,0.00515,0.009,0.0901,0.89575
24.0,0.0055,0.0102,0.07895,0.90535
25.0,0.0048,0.01055,0.07055,0.9141
26.0,0.0053,0.01115,0.06375,0.9198
27.0,0.00565,0.012,0.05845,0.9239
28.0,0.00655,0.01165,0.05415,0.92765
29.0,0.00605,0.01255,0.04865,0.93275
30.0,0.00715,0.01205,0.0456,0.9352
31.0,0.0063,0.0132,0.0427,0.9378
32.0,0.00575,0.0134,0.0411,0.93975
33.0,0.00565,0.0134,0.0388,0.94215
34.0,0.0062,0.01385,0.03655,0.9434
35.0,0.00575,0.0139,0.0353,0.94505
36.0,0.00755,0.01365,0.0336,0.9452
37.0,0.0049,0.01575,0.03185,0.9475
38.0,0.0064,0.01445,0.03095,0.9482
39.0,0.00645,0.01465,0.03025,0.94865
40.0,0.0066,0.01445,0.02875,0.9502
41.0,0.0068,0.01475,0.02895,0.9495
42.0,0.0078,0.0149,0.02905,0.94825
43.0,0.0077,0.0161,0.02855,0.94765
44.0,0.0075,0.0166,0.0283,0.9476
45.0,0.00805,0.01635,0.029,0.9466
46.0,0.0081,0.0171,0.02965,0.94515
47.0,0.0071,0.01685,0.0299,0.94615
48.0,0.0089,0.01585,0.0308,0.94445
49.0,0.00725,0.01705,0.03075,0.94495
50.0,0.00825,0.01685,0.0316,0.9433
51.0,0.00695,0.01695,0.03185,0.94425
52.0,0.00755,0.01705,0.0315,0.9439
53.0,0.0073,0.01705,0.03205,0.9436
54.0,0.0085,0.01725,0.032,0.94225
55.0,0.00755,0.01815,0.03215,0.94215
56.0,0.00825,0.0183,0.03275,0.9407
57.0,0.00805,0.0183,0.0338,0.93985
58.0,0.0079,0.01815,0.0346,0.93935
59.0,0.00715,0.0182,0.0348,0.93985
60.0,0.0086,0.018,0.035,0.9384
61.0,0.00885,0.0193,0.0343,0.93755
62.0,0.00945,0.01965,0.0352,0.9357
63.0,0.0069,0.0215,0.0337,0.9379
64.0,0.0077,0.0195,0.03605,0.93675
65.0,0.0076,0.0195,0.0348,0.9381
66.0,0.0076,0.0195,0.03395,0.93895
67.0,0.0087,0.0197,0.0338,0.9378
68.0,0.0092,0.01895,0.0358,0.93605
69.0,0.008,0.0197,0.036,0.9363
70.0,0.0102,0.0194,0.03505,0.93535
71.0,0.0084,0.0211,0.03515,0.93535
72.0,0.01135,0.02075,0.03625,0.93165
73.0,0.00875,0.0227,0.0365,0.93205
74.0,0.0079,0.02155,0.0383,0.93225
75.0,0.00845,0.0211,0.0387,0.93175
76.0,0.0099,0.0193,0.0394,0.9314
77.0,0.0087,0.02015,0.03935,0.9318
78.0,0.0096,0.0206,0.0393,0.9305
79.0,0.00815,0.0211,0.03905,0.9317
80.0,0.00925,0.01995,0.0395,0.9313
81.0,0.0098,0.02055,0.0387,0.93095
82.0,0.00945,0.0215,0.03945,0.9296
83.0,0.008,0.02155,0.0391,0.93135
84.0,0.0099,0.02045,0.03945,0.9302
85.0,0.00915,0.02125,0.0407,0.9289
86.0,0.0088,0.0212,0.0403,0.9297
87.0,0.0083,0.0216,0.04005,0.93005
88.0,0.00875,0.02085,0.04045,0.92995
89.0,0.00765,0.0211,0.04055,0.9307
90.0,0.00995,0.0203,0.0402,0.92955
91.0,0.0092,0.02055,0.0408,0.92945
92.0,0.0105,0.02055,0.04055,0.9284
93.0,0.00945,0.02205,0.04085,0.92765
94.0,0.01025,0.02225,0.04105,0.92645
95.0,0.0082,0.022,0.0421,0.9277
96.0,0.00975,0.02005,0.04235,0.92785
97.0,0.00995,0.0208,0.04245,0.9268
98.0,0.00895,0.02235,0.0418,0.9269
99.0,0.00935,0.02195,0.0428,0.9259
100.0,0.00975,0.02185,0.04375,0.92465
101.0,0.00855,0.0226,0.04355,0.9253
102.0,0.0098,0.0221,0.0439,0.9242
103.0,0.00785,0.0224,0.0433,0.92645
104.0,0.00875,0.0221,0.04195,0.9272
105.0,0.0094,0.0221,0.04135,0.92715
106.0,0.0101,0.02285,0.0402,0.92685
107.0,0.0081,0.02345,0.04135,0.9271
108.0,0.01055,0.02245,0.0421,0.9249
109.0,0.0095,0.0238,0.0418,0.9249
110.0,0.0095,0.02355,0.0429,0.92405
111.0,0.0086,0.02325,0.0435,0.92465
112.0,0.0108,0.0223,0.0426,0.9243
113.0,0.0095,0.02285,0.04335,0.9243
114.0,0.0113,0.02165,0.04445,0.9226
115.0,0.01025,0.02255,0.045,0.9222
116.0,0.01035,0.02335,0.0444,0.9219
117.0,0.0107,0.02325,0.044,0.92205
118.0,0.00975,0.02325,0.04445,0.92255
119.0,0.00805,0.02305,0.0446,0.9243
120.0,0.0101,0.0222,0.0441,0.9236
121.0,0.011,0.0226,0.04395,0.92245
122.0,0.01155,0.0231,0.0443,0.92105
123.0,0.0108,0.02455,0.0449,0.91975
124.0,0.01085,0.02495,0.04365,0.92055
125.0,0.0102,0.026,0.04345,0.92035
126.0,0.01145,0.02595,0.0437,0.9189
127.0,0.00975,0.02725,0.04455,0.91845
128.0,0.01055,0.0263,0.0446,0.91855
129.0,0.0102,0.02545,0.046,0.91835
130.0,0.01125,0.02535,0.04585,0.91755
131.0,0.0095,0.02505,0.04625,0.9192
132.0,0.011,0.02325,0.0483,0.91745
133.0,0.00925,0.02425,0.0473,0.9192
134.0,0.0102,0.0229,0.0483,0.9186
135.0,0.0108,0.02175,0.0489,0.91855
136.0,0.0119,0.0227,0.04805,0.91735
137.0,0.0103,0.02475,0.048,0.91695
138.0,0.01055,0.0251,0.04785,0.9165
139.0,0.00975,0.02585,0.0478,0.9166
140.0,0.01095,0.0256,0.04855,0.9149
141.0,0.0107,0.0254,0.04935,0.91455
142.0,0.01105,0.02455,0.04955,0.91485
143.0,0.00885,0.0248,0.04895,0.9174
144.0,0.00995,0.0244,0.04855,0.9171
145.0,0.0103,0.0239,0.04815,0.91765
146.0,0.01015,0.02395,0.0477,0.9182
147.0,0.01,0.02425,0.04665,0.9191
148.0,0.01045,0.02425,0.04655,0.91875
149.0,0.00875,0.02515,0.04695,0.91915
150.0,0.0104,0.02375,0.0484,0.91745
151.0,0.00985,0.02345,0.0484,0.9183
152.0,0.0094,0.02305,0.04835,0.9192
153.0,0.0087,0.02265,0.04755,0.9211
154.0,0.00905,0.0221,0.04775,0.9211
155.0,0.0108,0.02175,0.04715,0.9203
156.0,0.0123,0.02215,0.04655,0.919
157.0,0.011,0.0251,0.0444,0.9195
158.0,0.01085,0.02655,0.0447,0.9179
159.0,0.0086,0.0263,0.04695,0.91815
160.0,0.01125,0.0245,0.0472,0.91705
161.0,0.01075,0.02445,0.04745,0.91735
162.0,0.0116,0.02495,0.04885,0.9146
163.0,0.012,0.02545,0.04865,0.9139
164.0,0.012,0.0258,0.04935,0.91285
165.0,0.00975,0.02715,0.04885,0.91425
166.0,0.0102,0.02595,0.0506,0.91325
167.0,0.0089,0.025,0.05025,0.91585
168.0,0.0119,0.02485,0.04905,0.9142
169.0,0.01015,0.02625,0.04825,0.91535
170.0,0.00975,0.02785,0.0471,0.9153
171.0,0.01055,0.02555,0.04895,0.91495
172.0,0.0124,0.0252,0.0495,0.9129
173.0,0.0099,0.02665,0.04845,0.915
174.0,0.0102,0.02665,0.04925,0.9139
175.0,0.0099,0.0255,0.04985,0.91475
176.0,0.0106,0.0245,0.0509,0.914
177.0,0.00995,0.02495,0.0522,0.9129
178.0,0.01015,0.02455,0.0517,0.9136
179.0,0.00825,0.02495,0.0506,0.9162
180.0,0.01255,0.02385,0.05055,0.91305
181.0,0.012,0.0255,0.04995,0.91255
182.0,0.0119,0.02655,0.0501,0.91145
183.0,0.01195,0.0263,0.0513,0.91045
184.0,0.0125,0.02665,0.05155,0.9093
185.0,0.01105,0.02705,0.0508,0.9111
186.0,0.01125,0.0273,0.05065,0.9108
187.0,0.01165,0.0274,0.0506,0.91035
188.0,0.01015,0.02785,0.05175,0.91025
189.0,0.00965,0.02715,0.0517,0.9115
190.0,0.01125,0.0257,0.0529,0.91015
191.0,0.0092,0.027,0.05075,0.91305
192.0,0.01115,0.0259,0.0515,0.91145
193.0,0.0115,0.0264,0.0504,0.9117
194.0,0.0107,0.02645,0.05115,0.9117
195.0,0.01035,0.02635,0.0509,0.9124
196.0,0.0103,0.0263,0.0512,0.9122
197.0,0.00995,0.02625,0.05155,0.91225
198.0,0.0116,0.0248,0.05185,0.91175
199.0,0.0111,0.02495,0.05215,0.9118
200.0,0.01195,0.02525,0.05115,0.91165
201.0,0.01195,0.02795,0.0505,0.9096
202.0,0.01095,0.0288,0.05135,0.9089
203.0,0.01065,0.0278,0.0506,0.91095
204.0,0.01185,0.02695,0.05125,0.90995
205.0,0.01025,0.0271,0.05155,0.9111
206.0,0.0105,0.02705,0.05195,0.9105
207.0,0.00875,0.02645,0.05215,0.91265
208.0,0.01025,0.02535,0.05115,0.91325
209.0,0.00935,0.02535,0.05,0.9153
210.0,0.01245,0.02455,0.05045,0.91255
211.0,0.0116,0.02595,0.049,0.91345
212.0,0.0117,0.0247,0.0492,0.9144
213.0,0.01255,0.0254,0.04815,0.9139
214.0,0.0124,0.02685,0.0489,0.91185
215.0,0.01,0.02845,0.04775,0.9138
216.0,0.01135,0.02715,0.04905,0.91245
217.0,0.0117,0.0271,0.0492,0.912
218.0,0.011,0.0275,0.0497,0.9118
219.0,0.0094,0.0265,0.05175,0.91235
220.0,0.01005,0.02505,0.05165,0.91325
221.0,0.0093,0.02555,0.05155,0.9136
222.0,0.01145,0.02485,0.05145,0.91225
223.0,0.01005,0.0251,0.05205,0.9128
224.0,0.01105,0.02505,0.05245,0.91145
225.0,0.01025,0.02525,0.05305,0.91145
226.0,0.01225,0.02675,0.0504,0.9106
227.0,0.00965,0.0273,0.05105,0.912
228.0,0.0122,0.0248,0.0529,0.9101
229.0,0.01135,0.02565,0.0515,0.9115
230.0,0.0116,0.0266,0.05045,0.91135
231.0,0.0118,0.0268,0.05075,0.91065
232.0,0.01175,0.0278,0.0517,0.90875
233.0,0.01165,0.0269,0.053,0.90845
234.0,0.01145,0.0276,0.05165,0.9093
235.0,0.01085,0.0272,0.05265,0.9093
236.0,0.0127,0.0261,0.0526,0.9086
237.0,0.01055,0.02695,0.05255,0.90995
238.0,0.0102,0.0253,0.054,0.9105
239.0,0.00885,0.0257,0.05205,0.9134
240.0,0.0107,0.02475,0.0509,0.91365
241.0,0.01105,0.0243,0.05095,0.9137
242.0,0.01085,0.02515,0.0511,0.9129
243.0,0.01235,0.02555,0.0503,0.9118
244.0,0.01325,0.0279,0.04915,0.9097
245.0,0.01145,0.0296,0.04995,0.909
246.0,0.0139,0.0292,0.0518,0.9051
247.0,0.01185,0.0309,0.05275,0.9045
248.0,0.0102,0.0317,0.05335,0.90475
249.0,0.01105,0.0297,0.0552,0.90405
250.0,0.01195,0.0285,0.0549,0.90465
251.0,0.01035,0.02915,0.05505,0.90545
252.0,0.0113,0.02745,0.0557,0.90555
253.0,0.01145,0.02795,0.05495,0.90565
254.0,0.01055,0.0278,0.05585,0.9058
255.0,0.0115,0.02645,0.05685,0.9052
256.0,0.0131,0.0266,0.05555,0.90475
257.0,0.01145,0.02805,0.0543,0.9062
258.0,0.0116,0.028,0.0549,0.9055
259.0,0.0111,0.02765,0.0552,0.90605
260.0,0.0114,0.0273,0.05435,0.90695
261.0,0.01215,0.0276,0.05415,0.9061
262.0,0.0111,0.02715,0.05535,0.9064
263.0,0.00925,0.02705,0.05435,0.90935
264.0,0.00985,0.0251,0.0548,0.91025
265.0,0.01095,0.02485,0.05425,0.90995
266.0,0.0119,0.0247,0.0538,0.9096
267.0,0.0108,0.0261,0.05325,0.90985
268.0,0.0103,0.02615,0.0532,0.91035
269.0,0.00975,0.0269,0.0527,0.91065
270.0,0.0114,0.02645,0.05245,0.9097
271.0,0.01195,0.0268,0.0537,0.90755
272.0,0.0114,0.02705,0.0528,0.90875
273.0,0.01205,0.02725,0.05285,0.90785
274.0,0.01155,0.0281,0.0518,0.90855
275.0,0.0114,0.0272,0.05285,0.90855
276.0,0.01085,0.0276,0.0538,0.90775
277.0,0.0117,0.02715,0.05555,0.9056
278.0,0.01145,0.0277,0.0551,0.90575
279.0,0.01115,0.02735,0.0552,0.9063
280.0,0.0118,0.02665,0.05465,0.9069
281.0,0.01015,0.02755,0.0539,0.9084
282.0,0.0121,0.02615,0.0547,0.90705
283.0,0.0116,0.02655,0.0547,0.90715
284.0,0.01255,0.0266,0.05515,0.9057
285.0,0.012,0.0276,0.0553,0.9051
286.0,0.01,0.02815,0.0558,0.90605
287.0,0.0091,0.02585,0.05685,0.9082
288.0,0.0111,0.02385,0.0563,0.90875
289.0,0.01195,0.02405,0.055,0.909
290.0,0.01015,0.02575,0.0543,0.9098
291.0,0.0117,0.0258,0.05335,0.90915
292.0,0.01305,0.0277,0.051,0.90825
293.0,0.01065,0.02855,0.0517,0.9091
294.0,0.0111,0.0283,0.05095,0.90965
295.0,0.01135,0.02735,0.0517,0.9096
296.0,0.01305,0.02655,0.0518,0.9086
297.0,0.01185,0.02785,0.0516,0.9087
298.0,0.0109,0.02755,0.05285,0.9087
299.0,0.01065,0.0258,0.05385,0.9097
300.0,0.0119,0.02565,0.0538,0.90865
301.0,0.0122,0.0265,0.05255,0.90875
302.0,0.0115,0.02805,0.05215,0.9083
303.0,0.011,0.02825,0.0524,0.90835
304.0,0.01085,0.02755,0.0527,0.9089
305.0,0.01055,0.0268,0.0541,0.90855
306.0,0.01185,0.0267,0.05405,0.9074
307.0,0.01195,0.02795,0.0526,0.9075
308.0,0.011,0.02835,0.05285,0.9078
309.0,0.01005,0.02695,0.0544,0.9086
310.0,0.01125,0.02475,0.0552,0.9088
311.0,0.01175,0.0252,0.05285,0.9102
312.0,0.01375,0.027,0.0521,0.90715
313.0,0.0119,0.0289,0.0524,0.9068
314.0,0.01215,0.02925,0.0521,0.9065
315.0,0.0121,0.0286,0.0543,0.905
316.0,0.0115,0.02875,0.055,0.90475
317.0,0.0099,0.0292,0.05565,0.90525
318.0,0.0096,0.0279,0.05615,0.90635
319.0,0.009,0.0268,0.05455,0.90965
320.0,0.01185,0.02495,0.0541,0.9091
321.0,0.01165,0.02655,0.05245,0.90935
322.0,0.0113,0.02735,0.05285,0.9085
323.0,0.00905,0.0276,0.05225,0.9111
324.0,0.0124,0.02585,0.05285,0.9089
325.0,0.0124,0.0262,0.0534,0.908
326.0,0.0127,0.02705,0.0529,0.90735
327.0,0.0116,0.02835,0.0519,0.90815
328.0,0.0129,0.0278,0.0529,0.9064
329.0,0.01135,0.02925,0.0523,0.9071
330.0,0.013,0.02935,0.0521,0.90555
331.0,0.0125,0.0298,0.05325,0.90445
332.0,0.0125,0.0291,0.0558,0.9026
333.0,0.01235,0.02915,0.05615,0.90235
334.0,0.0113,0.0304,0.05605,0.90225
335.0,0.00995,0.0296,0.056,0.90445
336.0,0.0113,0.02805,0.05695,0.9037
337.0,0.0117,0.0265,0.05755,0.90425
338.0,0.0102,0.0277,0.0551,0.907
339.0,0.00965,0.02585,0.05555,0.90895
340.0,0.01165,0.02515,0.05505,0.90815
341.0,0.0108,0.0256,0.0555,0.9081
342.0,0.01135,0.02615,0.05545,0.90705
343.0,0.01245,0.02685,0.05455,0.90615
344.0,0.0122,0.0283,0.0545,0.905
345.0,0.01335,0.02885,0.05465,0.90315
346.0,0.01235,0.0298,0.0559,0.90195
347.0,0.011,0.0293,0.0562,0.9035
348.0,0.01295,0.02735,0.0571,0.9026
349.0,0.01005,0.0284,0.05745,0.9041
350.0,0.01115,0.02755,0.0567,0.9046
351.0,0.0101,0.0279,0.0563,0.9057
352.0,0.0112,0.02685,0.057,0.90495
353.0,0.0123,0.02685,0.0547,0.90615
354.0,0.01325,0.02705,0.05575,0.90395
355.0,0.0107,0.0285,0.0555,0.9053
356.0,0.01205,0.0281,0.05575,0.9041
357.0,0.01195,0.02885,0.05475,0.90445
358.0,0.01005,0.02895,0.0544,0.9066
359.0,0.00835,0.02845,0.05435,0.90885
360.0,0.01095,0.0247,0.0553,0.90905
361.0,0.01195,0.025,0.0547,0.90835
362.0,0.012,0.02645,0.05365,0.9079
363.0,0.01095,0.02615,0.0533,0.9096
364.0,0.0139,0.0257,0.0535,0.9069
365.0,0.01255,0.02825,0.05275,0.90645
366.0,0.01275,0.02905,0.054,0.9042
367.0,0.0131,0.02895,0.05455,0.9034
368.0,0.0121,0.0299,0.0545,0.9035
369.0,0.0123,0.02985,0.0556,0.90225
370.0,0.0119,0.031,0.05535,0.90175
371.0,0.0119,0.03,0.0567,0.9014
372.0,0.0117,0.02995,0.0567,0.90165
373.0,0.0124,0.0295,0.05685,0.90125
374.0,0.0102,0.02965,0.05705,0.9031
375.0,0.0098,0.0276,0.05725,0.90535
376.0,0.01095,0.02565,0.05865,0.90475
377.0,0.0098,0.0261,0.0572,0.9069
378.0,0.01255,0.0246,0.0572,0.90565
379.0,0.0111,0.0268,0.0557,0.9064
380.0,0.0123,0.0266,0.0546,0.9065
381.0,0.0133,0.02715,0.0537,0.90585
382.0,0.0117,0.0287,0.0532,0.9064
383.0,0.0106,0.0299,0.0529,0.9066
384.0,0.0125,0.02945,0.0526,0.90545
385.0,0.01275,0.0298,0.053,0.90445
386.0,0.0128,0.03025,0.0545,0.90245
387.0,0.01225,0.0309,0.05575,0.9011
388.0,0.0126,0.0312,0.0562,0.9
389.0,0.011,0.0307,0.05735,0.90095
390.0,0.01165,0.0286,0.05845,0.9013
391.0,0.0109,0.0287,0.0579,0.9025
392.0,0.0108,0.0286,0.05815,0.90245
393.0,0.01035,0.02715,0.0579,0.9046
394.0,0.01145,0.02625,0.0584,0.9039
395.0,0.01,0.02635,0.0577,0.90595
396.0,0.0118,0.02495,0.05765,0.9056
397.0,0.0114,0.02595,0.056,0.90665
398.0,0.012,0.02605,0.0539,0.90805
399.0,0.0127,0.02655,0.0546,0.90615
400.0,0.0126,0.02725,0.055,0.90515
401.0,0.01295,0.0278,0.0545,0.90475
402.0,0.0125,0.02875,0.0545,0.90425
403.0,0.01065,0.0305,0.0549,0.90395
404.0,0.011,0.0292,0.05575,0.90405
405.0,0.01195,0.0289,0.0561,0.90305
406.0,0.0119,0.0288,0.0554,0.9039
407.0,0.0114,0.0277,0.0558,0.9051
408.0,0.01285,0.02655,0.057,0.9036
409.0,0.01255,0.02745,0.05555,0.90445
410.0,0.0117,0.02865,0.05535,0.9043
411.0,0.0115,0.0295,0.0537,0.9053
412.0,0.0127,0.0282,0.0557,0.9034
413.0,0.01135,0.02835,0.0549,0.9054
414.0,0.01045,0.02785,0.05565,0.90605
415.0,0.0101,0.02725,0.05505,0.9076
416.0,0.01135,0.0277,0.05275,0.9082
417.0,0.01,0.02805,0.05335,0.9086
418.0,0.0099,0.0286,0.0524,0.9091
419.0,0.01035,0.0265,0.05355,0.9096
420.0,0.0109,0.0267,0.0535,0.9089
421.0,0.01135,0.02595,0.05315,0.90955
422.0,0.0109,0.02635,0.0532,0.90955
423.0,0.0126,0.0251,0.05275,0.90955
424.0,0.0134,0.0269,0.0517,0.908
425.0,0.012,0.0292,0.05095,0.90785
426.0,0.01255,0.0292,0.0536,0.90465
427.0,0.01345,0.02835,0.0544,0.9038
428.0,0.0131,0.0301,0.0537,0.9031
429.0,0.0113,0.02985,0.0559,0.90295
430.0,0.0091,0.0295,0.05785,0.90355
431.0,0.00885,0.0278,0.058,0.90535
432.0,0.01135,0.02575,0.0584,0.9045
433.0,0.01095,0.0273,0.05665,0.9051
434.0,0.011,0.02705,0.05715,0.9048
435.0,0.0108,0.02735,0.0556,0.90625
436.0,0.0124,0.0269,0.0553,0.9054
437.0,0.0117,0.0284,0.0551,0.9048
438.0,0.01,0.02885,0.0546,0.90655
439.0,0.0092,0.02945,0.0524,0.90895
440.0,0.01025,0.0277,0.0533,0.90875
441.0,0.01105,0.02565,0.05525,0.90805
442.0,0.01155,0.02635,0.05505,0.90705
443.0,0.0114,0.0266,0.0545,0.9075
444.0,0.01335,0.02665,0.0541,0.9059
445.0,0.014,0.0266,0.05525,0.90415
446.0,0.0129,0.02705,0.05455,0.9055
447.0,0.01245,0.0277,0.0534,0.90645
448.0,0.01165,0.0283,0.0541,0.90595
449.0,0.01005,0.0287,0.05425,0.907
450.0,0.01125,0.0276,0.0551,0.90605
451.0,0.012,0.0278,0.05445,0.90575
452.0,0.0129,0.0287,0.0547,0.9037
453.0,0.0121,0.02885,0.05665,0.9024
454.0,0.01125,0.0292,0.05655,0.903
455.0,0.0104,0.029,0.057,0.9036
456.0,0.0116,0.02775,0.05745,0.9032
457.0,0.01135,0.02765,0.05725,0.90375
458.0,0.012,0.02645,0.05665,0.9049
459.0,0.0115,0.02715,0.05505,0.9063
460.0,0.01165,0.0265,0.05615,0.9057
461.0,0.00965,0.027,0.0548,0.90855
462.0,0.0117,0.02555,0.05365,0.9091
463.0,0.0105,0.0265,0.05345,0.90955
464.0,0.01255,0.0263,0.05245,0.9087
465.0,0.01325,0.02765,0.05235,0.90675
466.0,0.0128,0.02925,0.0525,0.90545
467.0,0.01165,0.02955,0.05305,0.90575
468.0,0.01245,0.02905,0.0539,0.9046
469.0,0.01345,0.02875,0.05495,0.90285
470.0,0.01355,0.0293,0.0555,0.90165
471.0,0.01275,0.02955,0.05695,0.90075
472.0,0.0142,0.0287,0.0585,0.8986
473.0,0.01295,0.02965,0.05785,0.89955
474.0,0.01145,0.03045,0.05875,0.89935
475.0,0.0101,0.03015,0.05775,0.902
476.0,0.00915,0.0289,0.059,0.90295
477.0,0.0102,0.0267,0.05885,0.90425
478.0,0.01,0.02635,0.0584,0.90525
479.0,0.0098,0.02535,0.0585,0.90635
480.0,0.01135,0.02555,0.05655,0.90655
481.0,0.01125,0.02545,0.0561,0.9072
482.0,0.0107,0.0269,0.05405,0.90835
483.0,0.01165,0.0244,0.055,0.90895
484.0,0.01305,0.0254,0.05135,0.9102
485.0,0.01315,0.02615,0.05195,0.90875
486.0,0.01405,0.02775,0.05135,0.90685
487.0,0.0136,0.02955,0.05085,0.906
488.0,0.01275,0.03065,0.05265,0.90395
489.0,0.0122,0.03165,0.05365,0.9025
490.0,0.0117,0.0317,0.0554,0.9012
491.0,0.01075,0.03085,0.0554,0.903
492.0,0.01355,0.03015,0.0572,0.8991
493.0,0.0119,0.0303,0.059,0.8988
494.0,0.0101,0.03,0.0592,0.9007
495.0,0.01055,0.0282,0.0598,0.90145
496.0,0.01165,0.0279,0.0597,0.90075
497.0,0.0106,0.02795,0.059,0.90245
498.0,0.012,0.02695,0.05785,0.9032
499.0,0.0129,0.02745,0.0568,0.90285
500.0,0.01255,0.02825,0.0566,0.9026
501.0,0.0121,0.02915,0.05555,0.9032
502.0,0.0119,0.0291,0.0554,0.9036
503.0,0.00895,0.02995,0.05665,0.90445
504.0,0.0113,0.0274,0.0568,0.9045
505.0,0.0125,0.02655,0.0567,0.90425
506.0,0.0119,0.028,0.05615,0.90395
507.0,0.01105,0.0277,0.0571,0.90415
508.0,0.01135,0.0276,0.0564,0.90465
509.0,0.01285,0.0286,0.0531,0.90545
510.0,0.0112,0.0292,0.05425,0.90535
511.0,0.0119,0.0278,0.0559,0.9044
512.0,0.0139,0.0281,0.0554,0.9026
513.0,0.0138,0.02915,0.0568,0.90025
514.0,0.01295,0.031,0.05705,0.899
515.0,0.012,0.03005,0.05815,0.8998
516.0,0.0121,0.02965,0.05835,0.8999
517.0,0.0114,0.0295,0.05725,0.90185
518.0,0.01135,0.0285,0.05685,0.9033
519.0,0.01,0.0288,0.05645,0.90475
520.0,0.01285,0.0272,0.05695,0.903
521.0,0.0118,0.0283,0.05715,0.90275
522.0,0.0117,0.0296,0.05635,0.90235
523.0,0.0108,0.0295,0.05585,0.90385
524.0,0.01155,0.02855,0.0563,0.9036
525.0,0.01075,0.02855,0.0559,0.9048
526.0,0.0096,0.0275,0.0567,0.9062
527.0,0.00895,0.02515,0.05715,0.90875
528.0,0.0101,0.02305,0.0571,0.90975
529.0,0.01045,0.0234,0.05585,0.9103
530.0,0.01065,0.02305,0.05485,0.91145
531.0,0.01215,0.02345,0.0528,0.9116
532.0,0.01325,0.0255,0.05025,0.911
533.0,0.0111,0.02815,0.04985,0.9109
534.0,0.01275,0.02805,0.0505,0.9087
535.0,0.0125,0.0289,0.04995,0.90865
536.0,0.0123,0.0292,0.0506,0.9079
537.0,0.01265,0.029,0.0518,0.90655
538.0,0.0118,0.02975,0.0524,0.90605
539.0,0.0112,0.02985,0.0525,0.90645
540.0,0.01355,0.02835,0.0548,0.9033
541.0,0.01215,0.03025,0.05365,0.90395
542.0,0.01235,0.03025,0.05445,0.90295
543.0,0.01215,0.03005,0.05615,0.90165
544.0,0.0115,0.02935,0.05565,0.9035
545.0,0.01015,0.02855,0.0579,0.9034
546.0,0.012,0.0276,0.0575,0.9029
547.0,0.01255,0.02675,0.05945,0.90125
548.0,0.01165,0.0272,0.05865,0.9025
549.0,0.01285,0.02785,0.05805,0.90125
550.0,0.01185,0.0288,0.05845,0.9009
551.0,0.0115,0.0294,0.0582,0.9009
552.0,0.013,0.0292,0.0578,0.9
553.0,0.01095,0.0306,0.0584,0.90005
554.0,0.01235,0.0306,0.05825,0.8988
555.0,0.01155,0.0305,0.0581,0.89985
556.0,0.0119,0.03,0.057,0.9011
557.0,0.01025,0.02935,0.0572,0.9032
558.0,0.01105,0.0276,0.0585,0.90285
559.0,0.01105,0.0274,0.0579,0.90365
560.0,0.01075,0.0278,0.05625,0.9052
561.0,0.01205,0.0264,0.0573,0.90425
562.0,0.0124,0.027,0.0552,0.9054
563.0,0.0127,0.02705,0.0563,0.90395
564.0,0.01255,0.02845,0.05605,0.90295
565.0,0.0118,0.0286,0.0561,0.9035
566.0,0.01245,0.02915,0.056,0.9024
567.0,0.01225,0.02945,0.0559,0.9024
568.0,0.0126,0.0278,0.0578,0.9018
569.0,0.01065,0.0302,0.0565,0.90265
570.0,0.01125,0.0291,0.05665,0.903
571.0,0.0114,0.02735,0.0563,0.90495
572.0,0.0108,0.0272,0.05505,0.90695
573.0,0.01115,0.02665,0.05415,0.90805
574.0,0.01045,0.0269,0.05405,0.9086
575.0,0.00915,0.02795,0.05335,0.90955
576.0,0.01155,0.0259,0.0551,0.90745
577.0,0.0123,0.02665,0.0534,0.90765
578.0,0.01205,0.02865,0.052,0.9073
579.0,0.0111,0.03,0.05315,0.90575
580.0,0.0116,0.0296,0.05335,0.90545
581.0,0.0129,0.02915,0.05375,0.9042
582.0,0.0126,0.0297,0.0538,0.9039
583.0,0.01185,0.02925,0.0558,0.9031
584.0,0.012,0.02985,0.05555,0.9026
585.0,0.0122,0.03025,0.0556,0.90195
586.0,0.0122,0.02955,0.0562,0.90205
587.0,0.0111,0.0293,0.05735,0.90225
588.0,0.0125,0.02795,0.058,0.90155
589.0,0.0112,0.029,0.0573,0.9025
590.0,0.0121,0.02795,0.05875,0.9012
591.0,0.0114,0.02775,0.0585,0.90235
592.0,0.0118,0.0281,0.05745,0.90265
593.0,0.0109,0.0284,0.05675,0.90395
594.0,0.0105,0.02735,0.05775,0.9044
595.0,0.01125,0.026,0.05755,0.9052
596.0,0.0118,0.0268,0.0565,0.9049
597.0,0.01195,0.0283,0.0542,0.90555
598.0,0.01075,0.02875,0.05525,0.90525
599.0,0.0105,0.02675,0.0565,0.90625
600.0,0.01045,0.02595,0.0569,0.9067
601.0,0.01095,0.02625,0.05535,0.90745
602.0,0.0124,0.02615,0.0542,0.90725
603.0,0.0121,0.02725,0.0542,0.90645
604.0,0.01335,0.0277,0.0551,0.90385
605.0,0.01225,0.0283,0.056,0.90345
606.0,0.01265,0.02885,0.0546,0.9039
607.0,0.0124,0.0289,0.0549,0.9038
608.0,0.0131,0.02965,0.05395,0.9033
609.0,0.01065,0.03065,0.054,0.9047
610.0,0.0113,0.0299,0.05535,0.90345
611.0,0.01145,0.02835,0.05605,0.90415
612.0,0.01115,0.02805,0.05655,0.90425
613.0,0.01125,0.02795,0.05635,0.90445
614.0,0.0109,0.0271,0.05615,0.90585
615.0,0.0117,0.0275,0.05535,0.90545
616.0,0.01215,0.02795,0.0551,0.9048
617.0,0.01135,0.02845,0.0552,0.905
618.0,0.01285,0.0265,0.057,0.90365
619.0,0.01115,0.0276,0.0561,0.90515
620.0,0.01095,0.0278,0.05515,0.9061
621.0,0.0107,0.0278,0.05415,0.90735
622.0,0.01155,0.02735,0.05315,0.90795
623.0,0.0103,0.0272,0.05335,0.90915
624.0,0.01055,0.02705,0.05335,0.90905
625.0,0.0118,0.0263,0.0536,0.9083
626.0,0.0111,0.0273,0.05395,0.90765
627.0,0.0098,0.02635,0.0561,0.90775
628.0,0.01265,0.02525,0.056,0.9061
629.0,0.01145,0.02665,0.0548,0.9071
630.0,0.0111,0.026,0.05585,0.90705
631.0,0.0139,0.02505,0.05575,0.9053
632.0,0.01305,0.02785,0.05515,0.90395
633.0,0.01305,0.0291,0.05445,0.9034
634.0,0.0135,0.02995,0.05465,0.9019
635.0,0.0115,0.03095,0.05495,0.9026
636.0,0.0126,0.02975,0.05715,0.9005
637.0,0.0115,0.02975,0.0575,0.90125
638.0,0.0116,0.0301,0.05755,0.90075
639.0,0.01095,0.02995,0.05715,0.90195
640.0,0.0106,0.02855,0.0589,0.90195
641.0,0.0123,0.02785,0.05835,0.9015
642.0,0.0118,0.02775,0.059,0.90145
643.0,0.01175,0.0277,0.05755,0.903
644.0,0.0106,0.02865,0.0571,0.90365
645.0,0.0111,0.0271,0.05825,0.90355
646.0,0.01015,0.02755,0.0564,0.9059
647.0,0.01,0.0276,0.05685,0.90555
648.0,0.0109,0.0266,0.05695,0.90555
649.0,0.01125,0.02695,0.05575,0.90605
650.0,0.0108,0.02765,0.05545,0.9061
651.0,0.0125,0.0256,0.05465,0.90725
652.0,0.01485,0.0269,0.05375,0.9045
653.0,0.01215,0.03035,0.0532,0.9043
654.0,0.0136,0.029,0.05415,0.90325
655.0,0.013,0.0305,0.05445,0.90205
656.0,0.0118,0.03035,0.05445,0.9034
657.0,0.0118,0.03015,0.055,0.90305
658.0,0.0114,0.02945,0.05615,0.903
659.0,0.01175,0.02935,0.05615,0.90275
660.0,0.0125,0.0282,0.05795,0.90135
661.0,0.01355,0.02865,0.05845,0.89935
662.0,0.0123,0.02935,0.0585,0.89985
663.0,0.0106,0.0296,0.0575,0.9023
664.0,0.0133,0.02755,0.05835,0.9008
665.0,0.01215,0.0288,0.0584,0.90065
666.0,0.01365,0.0287,0.05815,0.8995
667.0,0.0117,0.03005,0.05725,0.901
668.0,0.0118,0.0296,0.05705,0.90155
669.0,0.0108,0.0298,0.0578,0.9016
670.0,0.01025,0.0288,0.0588,0.90215
671.0,0.0098,0.02835,0.05615,0.9057
672.0,0.0121,0.02695,0.05605,0.9049
673.0,0.0128,0.02805,0.0545,0.90465
674.0,0.01235,0.029,0.0542,0.90445
675.0,0.01155,0.0297,0.0546,0.90415
676.0,0.0125,0.0293,0.0571,0.9011
677.0,0.0115,0.03025,0.0575,0.90075
678.0,0.0121,0.02975,0.0586,0.89955
679.0,0.0114,0.0292,0.0595,0.8999
680.0,0.0122,0.0287,0.06015,0.89895
681.0,0.013,0.0289,0.05895,0.89915
682.0,0.01165,0.0291,0.05835,0.9009
683.0,0.01135,0.02895,0.05865,0.90105
684.0,0.012,0.0279,0.05805,0.90205
685.0,0.01155,0.0288,0.05715,0.9025
686.0,0.0118,0.0287,0.05595,0.90355
687.0,0.0114,0.0291,0.0577,0.9018
688.0,0.0135,0.0289,0.05605,0.90155
689.0,0.0123,0.0294,0.05645,0.90185
690.0,0.0135,0.02915,0.0582,0.89915
691.0,0.01065,0.0306,0.0581,0.90065
692.0,0.0114,0.02945,0.0577,0.90145
693.0,0.01095,0.0285,0.05735,0.9032
694.0,0.0106,0.0282,0.05725,0.90395
695.0,0.0121,0.0278,0.0572,0.9029
696.0,0.0131,0.029,0.05565,0.90225
697.0,0.0116,0.0295,0.0569,0.902
698.0,0.0117,0.0285,0.0576,0.9022
699.0,0.0097,0.02765,0.05885,0.9038
700.0,0.01095,0.0258,0.0591,0.90415
701.0,0.0089,0.0251,0.0582,0.9078
702.0,0.0107,0.02435,0.0566,0.90835
703.0,0.01075,0.02505,0.0542,0.91
704.0,0.0112,0.02605,0.05305,0.9097
705.0,0.01105,0.02725,0.0528,0.9089
706.0,0.01115,0.02695,0.05325,0.90865
707.0,0.01235,0.0272,0.05335,0.9071
708.0,0.0126,0.02805,0.054,0.90535
709.0,0.0125,0.0295,0.05395,0.90405
710.0,0.0129,0.0296,0.05545,0.90205
711.0,0.01175,0.02975,0.0556,0.9029
712.0,0.013,0.02885,0.05625,0.9019
713.0,0.01155,0.03005,0.0555,0.9029
714.0,0.01135,0.03035,0.0541,0.9042
715.0,0.01025,0.02835,0.0563,0.9051
716.0,0.0118,0.02815,0.05635,0.9037
717.0,0.01085,0.02725,0.05785,0.90405
718.0,0.01145,0.027,0.05695,0.9046
719.0,0.01035,0.02605,0.05745,0.90615
720.0,0.0112,0.0259,0.05695,0.90595
721.0,0.01145,0.026,0.05555,0.907
722.0,0.01285,0.02695,0.0536,0.9066
723.0,0.01145,0.02735,0.0542,0.907
724.0,0.0123,0.02655,0.0544,0.90675
725.0,0.0113,0.0283,0.05315,0.90725
726.0,0.0107,0.0287,0.0528,0.9078
727.0,0.0105,0.0282,0.0521,0.9092
728.0,0.01185,0.0271,0.05305,0.908
729.0,0.0116,0.02705,0.05325,0.9081
730.0,0.0125,0.0286,0.05335,0.90555
