time,propSusceptible,propExposed,propInfected,propRecovered
0.0,0.9,0.0,0.1,0.0
1.0,0.24955,0.65045,0.06405,0.03595
2.0,0.0681,0.64705,0.24085,0.044
3.0,0.0193,0.51415,0.38985,0.0767
4.0,0.0051,0.3807,0.48705,0.12715
5.0,0.00215,0.2794,0.52825,0.1902
6.0,0.00105,0.20245,0.53715,0.25935
7.0,0.00135,0.14675,0.52115,0.33075
8.0,0.0014,0.10625,0.49175,0.4006
9.0,0.00165,0.07645,0.4609,0.461
10.0,0.0022,0.05675,0.4207,0.52035
11.0,0.0019,0.04135,0.3815,0.57525
12.0,0.0023,0.03,0.34195,0.62575
13.0,0.00305,0.0217,0.3041,0.67115
14.0,0.0031,0.01735,0.27095,0.7086
15.0,0.00305,0.01495,0.23985,0.74215
16.0,0.00315,0.0127,0.21315,0.771
17.0,0.00345,0.01045,0.1883,0.7978
18.0,0.00415,0.01005,0.16435,0.82145
19.0,0.00305,0.00985,0.14495,0.84215
20.0,0.0048,0.0084,0.1276,0.8592
21.0,0.0054,0.00915,0.11255,0.8729
22.0,0.0054,0.00935,0.1009,0.88435
23.0,0.0041,0.0104,0.08955,0.89595
24.0,0.0045,0.00975,0.08035,0.9054
25.0,0.0054,0.0089,0.07355,0.91215
26.0,0.00625,0.00985,0.0661,0.9178
27.0,0.00615,0.011,0.05835,0.9245
28.0,0.0056,0.0121,0.05345,0.92885
29.0,0.0049,0.01175,0.0489,0.93445
30.0,0.007,0.01155,0.04505,0.9364
31.0,0.0057,0.013,0.0417,0.9396
32.0,0.00525,0.0122,0.04085,0.9417
33.0,0.0049,0.0125,0.0378,0.9448
34.0,0.0066,0.0118,0.03575,0.94585
35.0,0.00625,0.01285,0.03395,0.94695
36.0,0.00795,0.0127,0.0329,0.94645
37.0,0.0067,0.01445,0.0313,0.94755
38.0,0.00565,0.0148,0.0304,0.94915
39.0,0.00635,0.0142,0.0298,0.94965
40.0,0.0066,0.0144,0.029,0.95
41.0,0.0068,0.01425,0.02895,0.95
42.0,0.00845,0.0147,0.02865,0.9482
43.0,0.00675,0.01625,0.0286,0.9484
44.0,0.00675,0.01625,0.0284,0.9486
45.0,0.0062,0.016,0.0293,0.9485
46.0,0.00785,0.01535,0.0287,0.9481
47.0,0.00525,0.01725,0.0279,0.9496
48.0,0.00725,0.01545,0.02825,0.94905
49.0,0.0073,0.01615,0.02795,0.9486
50.0,0.0074,0.016,0.02755,0.94905
51.0,0.0071,0.0169,0.02775,0.94825
52.0,0.00755,0.01755,0.02905,0.94585
53.0,0.00645,0.01785,0.0294,0.9463
54.0,0.00775,0.01625,0.0308,0.9452
55.0,0.0075,0.0171,0.03015,0.94525
56.0,0.00755,0.0177,0.0302,0.94455
57.0,0.0086,0.0171,0.03185,0.94245
58.0,0.00625,0.01865,0.0316,0.9435
59.0,0.0068,0.01705,0.03275,0.9434
60.0,0.0088,0.01725,0.0331,0.94085
61.0,0.0086,0.0185,0.03305,0.93985
62.0,0.00895,0.0191,0.0338,0.93815
63.0,0.0079,0.02065,0.03325,0.9382
64.0,0.00865,0.02,0.03465,0.9367
65.0,0.00695,0.02005,0.0352,0.9378
66.0,0.00795,0.0193,0.0351,0.93765
67.0,0.0078,0.0176,0.0358,0.9388
68.0,0.00965,0.01735,0.0358,0.9372
69.0,0.00735,0.0196,0.036,0.93705
70.0,0.0083,0.0181,0.03695,0.93665
71.0,0.0066,0.0196,0.03635,0.93745
72.0,0.00955,0.0184,0.0356,0.93645
73.0,0.0091,0.019,0.03575,0.93615
74.0,0.00855,0.0205,0.0351,0.93585
75.0,0.00855,0.02105,0.03515,0.93525
76.0,0.0087,0.0212,0.0366,0.9335
77.0,0.00755,0.02095,0.0371,0.9344
78.0,0.0104,0.01975,0.0381,0.93175
79.0,0.00765,0.02115,0.0382,0.933
80.0,0.00875,0.0208,0.0373,0.93315
81.0,0.00835,0.0214,0.0372,0.93305
82.0,0.00885,0.02025,0.03845,0.93245
83.0,0.0084,0.02065,0.03715,0.9338
84.0,0.00955,0.0205,0.038,0.93195
85.0,0.0093,0.0209,0.03855,0.93125
86.0,0.0094,0.02085,0.0387,0.93105
87.0,0.00875,0.02175,0.0384,0.9311
88.0,0.0092,0.0215,0.0388,0.9305
89.0,0.0068,0.0233,0.03725,0.93265
90.0,0.00885,0.02075,0.03915,0.93125
91.0,0.0102,0.0207,0.03885,0.93025
92.0,0.01015,0.022,0.03875,0.9291
93.0,0.0097,0.0233,0.03825,0.92875
94.0,0.00945,0.02345,0.03935,0.92775
95.0,0.0081,0.02255,0.04015,0.9292
96.0,0.00965,0.02165,0.04095,0.92775
97.0,0.00865,0.0211,0.04115,0.9291
98.0,0.0081,0.0208,0.04075,0.93035
99.0,0.0094,0.0199,0.0404,0.9303
100.0,0.00885,0.0209,0.03935,0.9309
101.0,0.00925,0.0209,0.0402,0.92965
102.0,0.0104,0.0212,0.03945,0.92895
103.0,0.00945,0.02275,0.03825,0.92955
104.0,0.01055,0.0231,0.03925,0.9271
105.0,0.0105,0.02415,0.041,0.92435
106.0,0.01125,0.0236,0.04255,0.9226
107.0,0.0094,0.0247,0.0426,0.9233
108.0,0.01045,0.0245,0.04275,0.9223
109.0,0.0108,0.0238,0.04415,0.92125
110.0,0.00905,0.02435,0.04485,0.92175
111.0,0.0099,0.0235,0.0451,0.9215
112.0,0.01045,0.0238,0.0458,0.91995
113.0,0.00855,0.0244,0.04645,0.9206
114.0,0.01015,0.0225,0.04685,0.9205
115.0,0.00955,0.02375,0.0455,0.9212
116.0,0.0096,0.02315,0.0449,0.92235
117.0,0.00845,0.0231,0.04585,0.9226
118.0,0.0089,0.0226,0.0454,0.9231
119.0,0.0091,0.02195,0.04455,0.9244
120.0,0.01035,0.02135,0.0443,0.924
121.0,0.01085,0.0233,0.0433,0.92255
122.0,0.0104,0.024,0.04385,0.92175
123.0,0.01,0.02445,0.04415,0.9214
124.0,0.0107,0.0251,0.04335,0.92085
125.0,0.00935,0.0247,0.0443,0.92165
126.0,0.0109,0.02345,0.04535,0.9203
127.0,0.00865,0.02405,0.04595,0.92135
128.0,0.0096,0.023,0.04635,0.92105
129.0,0.01135,0.0226,0.04655,0.9195
130.0,0.0116,0.02385,0.0471,0.91745
131.0,0.00875,0.025,0.0478,0.91845
132.0,0.01075,0.02325,0.0475,0.9185
133.0,0.01105,0.0242,0.0459,0.91885
134.0,0.00995,0.02575,0.0458,0.9185
135.0,0.00975,0.02515,0.04645,0.91865
136.0,0.01025,0.0238,0.04835,0.9176
137.0,0.0101,0.02405,0.04755,0.9183
138.0,0.01015,0.0237,0.0471,0.91905
139.0,0.00815,0.02435,0.04795,0.91955
140.0,0.0094,0.02215,0.0487,0.91975
141.0,0.00935,0.0231,0.0463,0.92125
142.0,0.0097,0.0226,0.04605,0.92165
143.0,0.00875,0.0236,0.04455,0.9231
144.0,0.0101,0.02265,0.0448,0.92245
145.0,0.01065,0.02435,0.0432,0.9218
146.0,0.01005,0.0247,0.0441,0.92115
147.0,0.00995,0.02525,0.04455,0.92025
148.0,0.0105,0.024,0.04625,0.91925
149.0,0.0098,0.024,0.0469,0.9193
150.0,0.01,0.02475,0.04575,0.9195
151.0,0.00905,0.02465,0.04655,0.91975
152.0,0.01015,0.02425,0.0474,0.9182
153.0,0.00995,0.02485,0.0465,0.9187
154.0,0.0109,0.02405,0.04675,0.9183
155.0,0.0089,0.0249,0.0471,0.9191
156.0,0.0128,0.02295,0.04755,0.9167
157.0,0.0116,0.02375,0.0493,0.91535
158.0,0.01035,0.025,0.04915,0.9155
159.0,0.00825,0.02465,0.0502,0.9169
160.0,0.0095,0.02375,0.04965,0.9171
161.0,0.0089,0.0243,0.0489,0.9179
162.0,0.01055,0.02385,0.0482,0.9174
163.0,0.01045,0.0246,0.0478,0.91715
164.0,0.01005,0.02565,0.04665,0.91765
165.0,0.01065,0.0241,0.04775,0.9175
166.0,0.0107,0.02465,0.0472,0.91745
167.0,0.00855,0.0249,0.0475,0.91905
168.0,0.0091,0.0238,0.04755,0.91955
169.0,0.00965,0.0233,0.0464,0.92065
170.0,0.01105,0.0242,0.0449,0.91985
171.0,0.01075,0.02525,0.04475,0.91925
172.0,0.0116,0.02575,0.0431,0.91955
173.0,0.01075,0.0265,0.0441,0.91865
174.0,0.01035,0.02605,0.0461,0.9175
175.0,0.0099,0.0258,0.0475,0.9168
176.0,0.0127,0.0245,0.04905,0.91375
177.0,0.01125,0.02625,0.04805,0.91445
178.0,0.01035,0.02715,0.04775,0.91475
179.0,0.00825,0.02655,0.0482,0.917
180.0,0.0109,0.024,0.0502,0.9149
181.0,0.0117,0.02425,0.0509,0.91315
182.0,0.0127,0.02455,0.05055,0.9122
183.0,0.0107,0.0268,0.0496,0.9129
184.0,0.01065,0.0267,0.05055,0.9121
185.0,0.0093,0.0275,0.04905,0.91415
186.0,0.0125,0.02435,0.05075,0.9124
187.0,0.00965,0.0266,0.0503,0.91345
188.0,0.01045,0.0253,0.0499,0.91435
189.0,0.0096,0.02525,0.0502,0.91495
190.0,0.0103,0.025,0.05055,0.91415
191.0,0.0103,0.02415,0.05165,0.9139
192.0,0.0105,0.02455,0.0514,0.91355
193.0,0.0109,0.02435,0.05125,0.9135
194.0,0.01005,0.0235,0.05135,0.9151
195.0,0.01015,0.02375,0.05015,0.91595
196.0,0.0105,0.0237,0.0483,0.9175
197.0,0.01075,0.0236,0.04845,0.9172
198.0,0.0129,0.02565,0.04695,0.9145
199.0,0.0103,0.02735,0.04605,0.9163
200.0,0.012,0.02655,0.04785,0.9136
201.0,0.0113,0.02695,0.04845,0.9133
202.0,0.01125,0.0276,0.04855,0.9126
203.0,0.0095,0.0283,0.0483,0.9139
204.0,0.012,0.02605,0.05055,0.9114
205.0,0.0114,0.02785,0.04985,0.9109
206.0,0.0096,0.02725,0.05145,0.9117
207.0,0.0091,0.02565,0.0521,0.91315
208.0,0.01045,0.0244,0.0528,0.91235
209.0,0.0096,0.0251,0.05135,0.91395
210.0,0.01165,0.02445,0.0512,0.9127
211.0,0.0119,0.0252,0.05135,0.91155
212.0,0.01385,0.02575,0.05055,0.90985
213.0,0.0113,0.0285,0.04985,0.91035
214.0,0.0115,0.02785,0.05055,0.9101
215.0,0.01015,0.02775,0.0516,0.9105
216.0,0.01075,0.0279,0.0506,0.91075
217.0,0.0117,0.0258,0.05255,0.90995
218.0,0.0114,0.027,0.05185,0.90975
219.0,0.0103,0.0267,0.0528,0.9102
220.0,0.01105,0.02675,0.0533,0.9089
221.0,0.00865,0.02805,0.05355,0.90975
222.0,0.0096,0.026,0.05435,0.91005
223.0,0.00985,0.02395,0.0533,0.9129
224.0,0.0106,0.02375,0.0531,0.91255
225.0,0.01125,0.025,0.0516,0.91215
226.0,0.0113,0.02535,0.05175,0.9116
227.0,0.01075,0.02525,0.0506,0.9134
228.0,0.01265,0.0248,0.05095,0.9116
229.0,0.0109,0.02765,0.05035,0.9111
230.0,0.0113,0.02715,0.05105,0.9105
231.0,0.01015,0.02705,0.05125,0.91155
232.0,0.0114,0.0274,0.0517,0.9095
233.0,0.0103,0.02785,0.0515,0.91035
234.0,0.0117,0.0259,0.0526,0.9098
235.0,0.01085,0.02635,0.053,0.9098
236.0,0.01245,0.02685,0.0522,0.9085
237.0,0.0116,0.02785,0.05275,0.9078
238.0,0.01095,0.0282,0.05195,0.9089
239.0,0.0092,0.0284,0.05175,0.91065
240.0,0.01045,0.02665,0.05245,0.91045
241.0,0.01105,0.02605,0.05285,0.91005
242.0,0.01165,0.02565,0.05365,0.90905
243.0,0.0117,0.02565,0.05395,0.9087
244.0,0.01135,0.02665,0.05265,0.90935
245.0,0.0116,0.02705,0.0532,0.90815
246.0,0.0123,0.0288,0.05175,0.90715
247.0,0.0115,0.0293,0.05125,0.90795
248.0,0.0106,0.0282,0.05355,0.90765
249.0,0.01085,0.02665,0.0542,0.9083
250.0,0.0106,0.02615,0.05475,0.9085
251.0,0.0085,0.02675,0.0536,0.91115
252.0,0.011,0.0247,0.0534,0.9109
253.0,0.0098,0.02535,0.05155,0.9133
254.0,0.0124,0.02455,0.0517,0.91135
255.0,0.01085,0.0261,0.0511,0.91195
256.0,0.01185,0.0269,0.04895,0.9123
257.0,0.01165,0.02765,0.0502,0.9105
258.0,0.0111,0.0283,0.05055,0.91005
259.0,0.012,0.027,0.0513,0.9097
260.0,0.01155,0.0274,0.052,0.90905
261.0,0.0109,0.02695,0.05345,0.9087
262.0,0.0115,0.02675,0.05355,0.9082
263.0,0.00935,0.02775,0.05345,0.90945
264.0,0.0119,0.02565,0.0542,0.90825
265.0,0.0121,0.0258,0.0549,0.9072
266.0,0.01265,0.02645,0.05385,0.90705
267.0,0.01135,0.02685,0.05395,0.90785
268.0,0.0095,0.02595,0.05515,0.9094
269.0,0.0086,0.0265,0.05305,0.91185
270.0,0.0102,0.0245,0.0533,0.912
271.0,0.01,0.0246,0.0531,0.9123
272.0,0.01175,0.0235,0.0529,0.91185
273.0,0.01165,0.025,0.0521,0.91125
274.0,0.012,0.0259,0.0511,0.911
275.0,0.0107,0.02735,0.0506,0.91135
276.0,0.0122,0.0271,0.05125,0.90945
277.0,0.0114,0.028,0.0512,0.9094
278.0,0.0104,0.02855,0.0514,0.90965
279.0,0.01,0.02725,0.05285,0.9099
280.0,0.01145,0.02715,0.05175,0.90965
281.0,0.0117,0.0267,0.05195,0.90965
282.0,0.0125,0.02735,0.0523,0.90785
283.0,0.01105,0.0287,0.0513,0.90895
284.0,0.01075,0.0284,0.0522,0.90865
285.0,0.01075,0.02735,0.0527,0.9092
286.0,0.01095,0.0268,0.0519,0.91035
287.0,0.00915,0.0273,0.0528,0.91075
288.0,0.0107,0.0264,0.05265,0.91025
289.0,0.00935,0.02615,0.05345,0.91105
290.0,0.01175,0.02515,0.0543,0.9088
291.0,0.01095,0.02715,0.0532,0.9087
292.0,0.0121,0.0269,0.05225,0.90875
293.0,0.01165,0.0273,0.05075,0.9103
294.0,0.0116,0.0264,0.0517,0.9103
295.0,0.0097,0.02755,0.05115,0.9116
296.0,0.0116,0.0261,0.0516,0.9107
297.0,0.01285,0.0265,0.05055,0.9101
298.0,0.01075,0.0277,0.05135,0.9102
299.0,0.00995,0.0272,0.05095,0.9119
300.0,0.0115,0.02625,0.05105,0.9112
301.0,0.01145,0.0267,0.05095,0.9109
302.0,0.01145,0.0273,0.05045,0.9108
303.0,0.0093,0.02845,0.0502,0.91205
304.0,0.0123,0.0278,0.05,0.9099
305.0,0.01045,0.02965,0.05075,0.90915
306.0,0.012,0.0288,0.0522,0.907
307.0,0.01155,0.029,0.05225,0.9072
308.0,0.01305,0.02825,0.054,0.9047
309.0,0.0116,0.0308,0.05415,0.90345
310.0,0.01245,0.02885,0.0562,0.9025
311.0,0.0114,0.0297,0.0553,0.9036
312.0,0.013,0.02855,0.0572,0.90125
313.0,0.01185,0.0292,0.05685,0.9021
314.0,0.0109,0.0294,0.05675,0.90295
315.0,0.0107,0.02825,0.05725,0.9038
316.0,0.0131,0.02655,0.0579,0.90245
317.0,0.0115,0.0281,0.05785,0.90255
318.0,0.01175,0.0275,0.05735,0.9034
319.0,0.0101,0.0274,0.0565,0.906
320.0,0.0114,0.0271,0.05525,0.90625
321.0,0.01165,0.02755,0.05525,0.90555
322.0,0.01155,0.0269,0.05805,0.9035
323.0,0.00995,0.02775,0.0569,0.9054
324.0,0.01155,0.0271,0.0561,0.90525
325.0,0.01125,0.02825,0.05445,0.90605
326.0,0.01105,0.02865,0.05405,0.90625
327.0,0.01155,0.02845,0.0544,0.9056
328.0,0.0117,0.02865,0.054,0.90565
329.0,0.01135,0.0284,0.05435,0.9059
330.0,0.0118,0.0275,0.05455,0.90615
331.0,0.01155,0.027,0.05445,0.907
332.0,0.01185,0.0281,0.05415,0.9059
333.0,0.01195,0.02865,0.0535,0.9059
334.0,0.0104,0.0288,0.05405,0.90675
335.0,0.00985,0.02715,0.0548,0.9082
336.0,0.01055,0.0258,0.0546,0.90905
337.0,0.01095,0.02715,0.0525,0.9094
338.0,0.0108,0.0259,0.0523,0.911
339.0,0.0103,0.02585,0.0526,0.91125
340.0,0.01105,0.0265,0.0511,0.91135
341.0,0.01015,0.0256,0.05185,0.9124
342.0,0.01215,0.02555,0.0519,0.9104
343.0,0.01135,0.02755,0.05045,0.91065
344.0,0.0113,0.02805,0.0504,0.91025
345.0,0.01295,0.0288,0.0504,0.90785
346.0,0.01345,0.02895,0.05195,0.90565
347.0,0.0106,0.03015,0.05275,0.9065
348.0,0.0115,0.0295,0.0526,0.9064
349.0,0.00955,0.02875,0.05465,0.90705
350.0,0.01085,0.02645,0.05505,0.90765
351.0,0.01,0.02665,0.05485,0.9085
352.0,0.01215,0.02595,0.0549,0.907
353.0,0.01025,0.0264,0.05515,0.9082
354.0,0.0119,0.02625,0.05415,0.9077
355.0,0.01115,0.027,0.05305,0.9088
356.0,0.01125,0.02685,0.0536,0.9083
357.0,0.01025,0.0269,0.05405,0.9088
358.0,0.01115,0.0251,0.0538,0.90995
359.0,0.0093,0.0255,0.0528,0.9124
360.0,0.00925,0.02485,0.0519,0.914
361.0,0.0108,0.0248,0.0512,0.9132
362.0,0.0132,0.02555,0.0509,0.91035
363.0,0.01115,0.0267,0.0524,0.90975
364.0,0.0125,0.02695,0.05125,0.9093
365.0,0.0109,0.02925,0.0502,0.90965
366.0,0.01195,0.0283,0.0518,0.90795
367.0,0.0112,0.02755,0.05415,0.9071
368.0,0.01135,0.02675,0.05445,0.90745
369.0,0.01275,0.02555,0.05535,0.90635
370.0,0.01275,0.02685,0.0538,0.9066
371.0,0.0096,0.0283,0.05315,0.90895
372.0,0.01235,0.0256,0.05395,0.9081
373.0,0.01005,0.0269,0.05335,0.9097
374.0,0.00985,0.02595,0.05385,0.91035
375.0,0.0103,0.02565,0.0532,0.91085
376.0,0.011,0.0256,0.0523,0.9111
377.0,0.0098,0.0263,0.0513,0.9126
378.0,0.0106,0.0254,0.05265,0.91135
379.0,0.0099,0.0248,0.05205,0.91325
380.0,0.0133,0.0251,0.0509,0.9107
381.0,0.01235,0.0279,0.05095,0.9088
382.0,0.01235,0.0287,0.0526,0.90635
383.0,0.01075,0.02985,0.0512,0.9082
384.0,0.0115,0.02805,0.05285,0.9076
385.0,0.0129,0.0279,0.0535,0.9057
386.0,0.011,0.0283,0.0534,0.9073
387.0,0.01155,0.027,0.0556,0.90585
388.0,0.01265,0.0274,0.05585,0.9041
389.0,0.01155,0.02755,0.0547,0.9062
390.0,0.01195,0.0278,0.05475,0.9055
391.0,0.0107,0.029,0.05345,0.90685
392.0,0.01225,0.0274,0.05455,0.9058
393.0,0.01125,0.0286,0.05405,0.9061
394.0,0.0112,0.02905,0.0531,0.90665
395.0,0.009,0.02905,0.05275,0.9092
396.0,0.0114,0.02605,0.0543,0.90825
397.0,0.0115,0.0269,0.0536,0.908
398.0,0.01255,0.02615,0.05375,0.90755
399.0,0.01115,0.02635,0.05385,0.90865
400.0,0.01505,0.0264,0.05245,0.9061
401.0,0.01285,0.0287,0.0538,0.90465
402.0,0.0115,0.0301,0.0543,0.9041
403.0,0.0111,0.0292,0.0564,0.9033
404.0,0.00995,0.02865,0.0576,0.9038
405.0,0.0104,0.02835,0.0563,0.90495
406.0,0.01225,0.02795,0.05595,0.90385
407.0,0.01115,0.02885,0.05515,0.90485
408.0,0.01235,0.0287,0.05445,0.9045
409.0,0.0131,0.0274,0.0564,0.9031
410.0,0.01355,0.02965,0.05485,0.90195
411.0,0.01375,0.03,0.05545,0.9008
412.0,0.01145,0.03185,0.0556,0.9011
413.0,0.0108,0.03095,0.0564,0.90185
414.0,0.01115,0.02915,0.05765,0.90205
415.0,0.0092,0.0278,0.0594,0.9036
416.0,0.0106,0.0258,0.05905,0.90455
417.0,0.0108,0.02615,0.05705,0.906
418.0,0.00995,0.02565,0.05615,0.90825
419.0,0.00845,0.0246,0.0561,0.91085
420.0,0.01225,0.02285,0.05505,0.90985
421.0,0.0119,0.025,0.0544,0.9087
422.0,0.0126,0.02675,0.0528,0.90785
423.0,0.0119,0.02795,0.0522,0.90795
424.0,0.0133,0.0285,0.0533,0.9049
425.0,0.01205,0.03005,0.05265,0.90525
426.0,0.01205,0.03095,0.0536,0.9034
427.0,0.01185,0.03075,0.0551,0.9023
428.0,0.01165,0.02945,0.05735,0.90155
429.0,0.0102,0.02825,0.0586,0.90295
430.0,0.0106,0.02695,0.0578,0.90465
431.0,0.0107,0.0274,0.05685,0.90505
432.0,0.01075,0.028,0.05685,0.9044
433.0,0.01085,0.02805,0.0561,0.905
434.0,0.011,0.0285,0.05465,0.90585
435.0,0.0113,0.0265,0.0565,0.9057
436.0,0.0124,0.0275,0.056,0.9041
437.0,0.01095,0.02875,0.05575,0.90455
438.0,0.0094,0.02905,0.0564,0.90515
439.0,0.01005,0.02615,0.05825,0.90555
440.0,0.0116,0.0253,0.0568,0.9063
441.0,0.0114,0.02675,0.0542,0.90765
442.0,0.01155,0.02745,0.05435,0.90665
443.0,0.0098,0.02735,0.05475,0.9081
444.0,0.01175,0.0263,0.05485,0.9071
445.0,0.01215,0.0273,0.05275,0.9078
446.0,0.0116,0.02905,0.05265,0.9067
447.0,0.0115,0.0279,0.05315,0.90745
448.0,0.0121,0.029,0.0521,0.9068
449.0,0.0101,0.0286,0.05355,0.90775
450.0,0.01075,0.0283,0.0525,0.90845
451.0,0.0116,0.02785,0.0527,0.90785
452.0,0.013,0.0266,0.05385,0.90655
453.0,0.0115,0.02825,0.0529,0.90735
454.0,0.01105,0.0279,0.0539,0.90715
455.0,0.01125,0.02785,0.054,0.9069
456.0,0.0134,0.0271,0.0547,0.9048
457.0,0.0117,0.0275,0.0559,0.9049
458.0,0.012,0.02755,0.0561,0.90435
459.0,0.0104,0.0279,0.05685,0.90485
460.0,0.0106,0.0267,0.0572,0.9055
461.0,0.0102,0.02545,0.057,0.90735
462.0,0.0113,0.0259,0.05555,0.90725
463.0,0.0122,0.0268,0.0543,0.9067
464.0,0.0111,0.0278,0.0546,0.9065
465.0,0.0108,0.0269,0.05495,0.90735
466.0,0.0132,0.0257,0.0555,0.9056
467.0,0.0122,0.0271,0.05495,0.90575
468.0,0.0136,0.02725,0.0536,0.90555
469.0,0.0127,0.0284,0.0541,0.9048
470.0,0.0126,0.0295,0.0543,0.9036
471.0,0.0104,0.0296,0.05435,0.90565
472.0,0.01225,0.02805,0.05505,0.90465
473.0,0.01265,0.0283,0.056,0.90305
474.0,0.0123,0.0297,0.05565,0.90235
475.0,0.0112,0.0288,0.0563,0.9037
476.0,0.01145,0.02825,0.05545,0.90485
477.0,0.0111,0.02765,0.0553,0.90595
478.0,0.0119,0.0272,0.05545,0.90545
479.0,0.00955,0.02835,0.05465,0.90745
480.0,0.0112,0.0267,0.05545,0.90665
481.0,0.0099,0.0272,0.05395,0.90895
482.0,0.01,0.02615,0.0543,0.90955
483.0,0.01175,0.0249,0.0533,0.91005
484.0,0.0119,0.0267,0.0521,0.9093
485.0,0.01315,0.02695,0.0523,0.9076
486.0,0.01225,0.02815,0.0524,0.9072
487.0,0.0121,0.02845,0.0526,0.90685
488.0,0.01155,0.02795,0.05375,0.90675
489.0,0.011,0.02735,0.05435,0.9073
490.0,0.01275,0.02715,0.0548,0.9053
491.0,0.0112,0.0297,0.05365,0.90545
492.0,0.0104,0.0291,0.05515,0.90535
493.0,0.011,0.0276,0.05585,0.90555
494.0,0.01125,0.0277,0.05625,0.9048
495.0,0.01155,0.0283,0.05645,0.9037
496.0,0.0111,0.0283,0.05705,0.90355
497.0,0.0115,0.02735,0.0583,0.90285
498.0,0.0122,0.02645,0.0592,0.90215
499.0,0.0114,0.02765,0.05795,0.903
500.0,0.01195,0.02685,0.05795,0.90325
501.0,0.0105,0.028,0.05685,0.90465
502.0,0.0106,0.02675,0.05665,0.906
503.0,0.00855,0.02705,0.055,0.9094
504.0,0.01005,0.0263,0.05345,0.9102
505.0,0.01115,0.0265,0.05165,0.9107
506.0,0.01335,0.02645,0.052,0.9082
507.0,0.012,0.0299,0.0504,0.9077
508.0,0.0111,0.03065,0.0524,0.90585
509.0,0.01095,0.0293,0.05355,0.9062
510.0,0.01235,0.0269,0.0554,0.90535
511.0,0.01095,0.02695,0.0558,0.9063
512.0,0.01205,0.02795,0.05485,0.90515
513.0,0.01355,0.02885,0.05425,0.90335
514.0,0.01225,0.0307,0.05485,0.9022
515.0,0.0109,0.0299,0.0556,0.9036
516.0,0.01115,0.029,0.05645,0.9034
517.0,0.0117,0.0279,0.0562,0.9042
518.0,0.0105,0.0275,0.05645,0.90555
519.0,0.0116,0.02755,0.0551,0.90575
520.0,0.01275,0.02755,0.0548,0.9049
521.0,0.01175,0.02925,0.05525,0.90375
522.0,0.0121,0.02955,0.0558,0.90255
523.0,0.0112,0.0284,0.0569,0.9035
524.0,0.01115,0.02755,0.05725,0.90405
525.0,0.0101,0.02865,0.05625,0.905
526.0,0.0106,0.0271,0.05455,0.90775
527.0,0.0106,0.02705,0.05385,0.9085
528.0,0.0107,0.0263,0.0537,0.9093
529.0,0.01125,0.0248,0.05445,0.9095
530.0,0.012,0.0251,0.05465,0.90825
531.0,0.01225,0.02665,0.0551,0.906
532.0,0.0134,0.02785,0.0542,0.90455
533.0,0.0131,0.02975,0.0553,0.90185
534.0,0.0134,0.02945,0.0557,0.90145
535.0,0.01295,0.03025,0.05695,0.89985
536.0,0.01145,0.03,0.05785,0.9007
537.0,0.0121,0.0285,0.059,0.9004
538.0,0.01055,0.02825,0.05995,0.90125
539.0,0.00855,0.0279,0.05875,0.9048
540.0,0.01045,0.0255,0.0594,0.90465
541.0,0.0108,0.0251,0.0583,0.9058
542.0,0.01175,0.0245,0.05845,0.9053
543.0,0.01275,0.02455,0.0576,0.9051
544.0,0.0115,0.0267,0.0558,0.906
545.0,0.0112,0.0276,0.0545,0.9067
546.0,0.0122,0.02765,0.0553,0.90485
547.0,0.0101,0.02875,0.0544,0.90675
548.0,0.01205,0.0272,0.05435,0.9064
549.0,0.0123,0.0272,0.0538,0.9067
550.0,0.0118,0.0278,0.05455,0.90585
551.0,0.01075,0.0279,0.0552,0.90615
552.0,0.01235,0.02595,0.0547,0.907
553.0,0.01225,0.0285,0.05305,0.9062
554.0,0.01235,0.0279,0.05355,0.9062
555.0,0.01165,0.0286,0.0538,0.90595
556.0,0.01085,0.0295,0.05395,0.9057
557.0,0.01065,0.02865,0.05465,0.90605
558.0,0.0104,0.0277,0.0554,0.9065
559.0,0.01,0.02705,0.05395,0.909
560.0,0.01155,0.0264,0.05425,0.9078
561.0,0.01305,0.0269,0.054,0.90605
562.0,0.01325,0.02735,0.0547,0.9047
563.0,0.01235,0.02855,0.0557,0.9034
564.0,0.0125,0.02905,0.0558,0.90265
565.0,0.012,0.0302,0.0561,0.9017
566.0,0.0124,0.02865,0.0574,0.90155
567.0,0.0105,0.0288,0.0581,0.9026
568.0,0.0102,0.0292,0.0568,0.9038
569.0,0.00925,0.0278,0.05725,0.9057
570.0,0.01115,0.02565,0.0578,0.9054
571.0,0.0101,0.0259,0.0572,0.9068
572.0,0.01095,0.02635,0.05515,0.90755
573.0,0.01125,0.0259,0.05405,0.9088
574.0,0.0108,0.0264,0.05335,0.90945
575.0,0.00935,0.0266,0.05405,0.91
576.0,0.01155,0.02565,0.05375,0.90905
577.0,0.01245,0.02555,0.05455,0.90745
578.0,0.0137,0.02665,0.05385,0.9058
579.0,0.01135,0.02825,0.054,0.9064
580.0,0.0129,0.0282,0.05335,0.90555
581.0,0.01275,0.0282,0.0542,0.90485
582.0,0.01275,0.0293,0.0532,0.90475
583.0,0.01065,0.03035,0.0537,0.9053
584.0,0.0107,0.0288,0.05395,0.90655
585.0,0.01225,0.0281,0.0536,0.90605
586.0,0.0116,0.0292,0.0533,0.9059
587.0,0.01075,0.02965,0.05325,0.90635
588.0,0.01135,0.02855,0.05515,0.90495
589.0,0.0115,0.0279,0.0549,0.9057
590.0,0.01135,0.02735,0.05455,0.90675
591.0,0.01075,0.02635,0.05535,0.90755
592.0,0.01045,0.02705,0.0534,0.9091
593.0,0.0097,0.0266,0.05265,0.91105
594.0,0.0121,0.02555,0.053,0.90935
595.0,0.0117,0.0272,0.05205,0.90905
596.0,0.01245,0.02735,0.0524,0.9078
597.0,0.01105,0.0287,0.05195,0.9083
598.0,0.0109,0.0294,0.05205,0.90765
599.0,0.0092,0.02905,0.05175,0.91
600.0,0.01165,0.02835,0.05115,0.90885
601.0,0.01175,0.0294,0.0516,0.90725
602.0,0.01215,0.02935,0.0523,0.9062
603.0,0.01145,0.0301,0.05355,0.9049
604.0,0.011,0.0289,0.0561,0.904
605.0,0.0109,0.02895,0.0563,0.90385
606.0,0.012,0.02815,0.05615,0.9037
607.0,0.0119,0.02885,0.05675,0.9025
608.0,0.0117,0.0295,0.05525,0.90355
609.0,0.01105,0.02875,0.0564,0.9038
610.0,0.01155,0.02845,0.05715,0.90285
611.0,0.01165,0.02815,0.0563,0.9039
612.0,0.0108,0.02785,0.05675,0.9046
613.0,0.0106,0.0275,0.05775,0.90415
614.0,0.0116,0.0273,0.0575,0.9036
615.0,0.01155,0.0278,0.05705,0.9036
616.0,0.01175,0.02845,0.0566,0.9032
617.0,0.0129,0.02865,0.05605,0.9024
618.0,0.01445,0.0286,0.0571,0.89985
619.0,0.0124,0.02995,0.0569,0.90075
620.0,0.01195,0.03005,0.059,0.899
621.0,0.01095,0.0304,0.05975,0.8989
622.0,0.01095,0.02935,0.0592,0.9005
623.0,0.01035,0.02875,0.058,0.9029
624.0,0.011,0.0289,0.0558,0.9043
625.0,0.0121,0.0273,0.0564,0.9042
626.0,0.0115,0.02725,0.05805,0.9032
627.0,0.0107,0.0263,0.0575,0.9055
628.0,0.0104,0.02695,0.0557,0.90695
629.0,0.01065,0.02645,0.05515,0.90775
630.0,0.01165,0.0272,0.0544,0.90675
631.0,0.0129,0.0275,0.0549,0.9047
632.0,0.01415,0.0283,0.0554,0.90215
633.0,0.0136,0.0298,0.05565,0.90095
634.0,0.01325,0.0304,0.05635,0.9
635.0,0.013,0.03085,0.0575,0.89865
636.0,0.0127,0.0316,0.05735,0.89835
637.0,0.0119,0.03155,0.05745,0.8991
638.0,0.01075,0.03145,0.0582,0.8996
639.0,0.0111,0.0294,0.0598,0.8997
640.0,0.01055,0.02915,0.0591,0.9012
641.0,0.01065,0.02735,0.06,0.902
642.0,0.01195,0.02605,0.0604,0.9016
643.0,0.01155,0.02695,0.0594,0.9021
644.0,0.01305,0.027,0.0589,0.90105
645.0,0.0102,0.02945,0.05735,0.903
646.0,0.01095,0.02925,0.05565,0.90415
647.0,0.01025,0.0286,0.056,0.90515
648.0,0.0099,0.0284,0.05525,0.90645
649.0,0.0089,0.02795,0.05475,0.9084
650.0,0.0116,0.02695,0.0532,0.90825
651.0,0.01205,0.0273,0.05345,0.9072
652.0,0.01365,0.02825,0.05375,0.90435
653.0,0.013,0.03015,0.05355,0.9033
654.0,0.0116,0.03225,0.05235,0.9038
655.0,0.0114,0.0299,0.05495,0.90375
656.0,0.0115,0.02885,0.05625,0.9034
657.0,0.01145,0.0278,0.05735,0.9034
658.0,0.0104,0.0272,0.0567,0.9057
659.0,0.0108,0.0264,0.05615,0.90665
660.0,0.0115,0.0258,0.05625,0.90645
661.0,0.01355,0.0262,0.05635,0.9039
662.0,0.0117,0.0282,0.0562,0.9039
663.0,0.00975,0.02865,0.05565,0.90595
664.0,0.0103,0.02715,0.0557,0.90685
665.0,0.0105,0.027,0.0545,0.908
666.0,0.01305,0.0265,0.0536,0.90685
667.0,0.0128,0.0265,0.054,0.9067
668.0,0.01095,0.02775,0.05235,0.90895
669.0,0.01025,0.02755,0.05275,0.90945
670.0,0.01,0.0269,0.05265,0.91045
671.0,0.01,0.02605,0.05225,0.9117
672.0,0.00945,0.0256,0.05315,0.9118
673.0,0.0109,0.02535,0.0514,0.91235
674.0,0.01115,0.02535,0.0519,0.9116
675.0,0.01185,0.0253,0.0511,0.91175
676.0,0.01265,0.0256,0.05165,0.9101
677.0,0.01105,0.0278,0.05065,0.9105
678.0,0.0122,0.0264,0.05225,0.90915
679.0,0.0112,0.02685,0.05305,0.9089
680.0,0.01125,0.0274,0.0525,0.90885
681.0,0.01195,0.0281,0.0515,0.90845
682.0,0.0122,0.0279,0.053,0.9069
683.0,0.01165,0.02915,0.0531,0.9061
684.0,0.0114,0.02995,0.052,0.90665
685.0,0.01175,0.0289,0.054,0.90535
686.0,0.01255,0.0281,0.0553,0.90405
687.0,0.01215,0.0301,0.0545,0.90325
688.0,0.01155,0.03015,0.05585,0.90245
689.0,0.01155,0.028,0.056,0.90445
690.0,0.0117,0.0277,0.05635,0.90425
691.0,0.0133,0.02735,0.0557,0.90365
692.0,0.01285,0.0285,0.0548,0.90385
693.0,0.0112,0.0298,0.0542,0.9048
694.0,0.0118,0.02975,0.05465,0.9038
695.0,0.0107,0.02855,0.05475,0.906
696.0,0.0118,0.02735,0.0544,0.90645
697.0,0.01115,0.0284,0.054,0.90645
698.0,0.01065,0.0282,0.05365,0.9075
699.0,0.0086,0.0276,0.0535,0.9103
700.0,0.0114,0.02545,0.0543,0.90885
701.0,0.011,0.0261,0.05365,0.90925
702.0,0.0112,0.0255,0.05405,0.90925
703.0,0.0113,0.02555,0.0535,0.90965
704.0,0.011,0.0254,0.05385,0.90975
705.0,0.01235,0.02585,0.05335,0.90845
706.0,0.01335,0.02775,0.05295,0.90595
707.0,0.01255,0.0298,0.0527,0.90495
708.0,0.0138,0.02915,0.05445,0.9026
709.0,0.01315,0.03085,0.0549,0.9011
710.0,0.0135,0.03075,0.05495,0.9008
711.0,0.01395,0.03095,0.05565,0.89945
712.0,0.01245,0.03165,0.0566,0.8993
713.0,0.01165,0.03055,0.05865,0.89915
714.0,0.0096,0.0311,0.0583,0.901
715.0,0.01045,0.0288,0.05965,0.9011
716.0,0.01115,0.02755,0.0604,0.9009
717.0,0.01135,0.0271,0.059,0.90255
718.0,0.0108,0.0271,0.05845,0.90365
719.0,0.00935,0.026,0.058,0.90665
720.0,0.01115,0.02445,0.05815,0.90625
721.0,0.01105,0.025,0.05655,0.9074
722.0,0.0121,0.02615,0.05435,0.9074
723.0,0.0112,0.02785,0.0534,0.90755
724.0,0.0112,0.0276,0.0538,0.9074
725.0,0.01135,0.02765,0.0526,0.9084
726.0,0.0125,0.02845,0.05215,0.9069
727.0,0.01065,0.0292,0.05145,0.9087
728.0,0.0122,0.02725,0.05345,0.9071
729.0,0.01225,0.027,0.05395,0.9068
730.0,0.0114,0.02715,0.054,0.90745
