time,propSusceptible,propExposed,propInfected,propRecovered
0.0,0.9,0.0,0.1,0.0
1.0,0.2486,0.6514,0.06505,0.03495
2.0,0.06955,0.6468,0.24035,0.0433
3.0,0.01975,0.5083,0.396,0.07595
4.0,0.00575,0.3806,0.48815,0.1255
5.0,0.00185,0.27605,0.53085,0.19125
6.0,0.0011,0.1988,0.5378,0.2623
7.0,0.0007,0.14285,0.52245,0.334
8.0,0.0014,0.101,0.49235,0.40525
9.0,0.00125,0.07295,0.45815,0.46765
10.0,0.0012,0.0532,0.4167,0.5289
11.0,0.00155,0.03785,0.37775,0.58285
12.0,0.00235,0.02855,0.33725,0.63185
13.0,0.00225,0.02235,0.3005,0.6749
14.0,0.003,0.01805,0.26595,0.713
15.0,0.00355,0.0139,0.2373,0.74525
16.0,0.0037,0.0114,0.21115,0.77375
17.0,0.00335,0.00975,0.1858,0.8011
18.0,0.0041,0.00905,0.16425,0.8226
19.0,0.0037,0.0091,0.14495,0.84225
20.0,0.00405,0.00835,0.1306,0.857
21.0,0.005,0.00835,0.1141,0.87255
22.0,0.0048,0.0093,0.1007,0.8852
23.0,0.004,0.0094,0.0892,0.8974
24.0,0.00545,0.00875,0.07935,0.90645
25.0,0.0049,0.01015,0.0708,0.91415
26.0,0.00555,0.01075,0.06235,0.92135
27.0,0.00505,0.01075,0.05735,0.92685
28.0,0.0058,0.01045,0.0529,0.93085
29.0,0.0061,0.0104,0.0486,0.9349
30.0,0.0057,0.0116,0.04385,0.93885
31.0,0.00575,0.01135,0.04115,0.94175
32.0,0.0065,0.01245,0.03785,0.9432
33.0,0.00515,0.01295,0.03715,0.94475
34.0,0.00615,0.01235,0.0362,0.9453
35.0,0.00565,0.01315,0.0341,0.9471
36.0,0.0063,0.0127,0.0329,0.9481
37.0,0.0056,0.0134,0.03105,0.94995
38.0,0.007,0.01285,0.0305,0.94965
39.0,0.0055,0.01345,0.02995,0.9511
40.0,0.0065,0.01315,0.02945,0.9509
41.0,0.0058,0.0137,0.0279,0.9526
42.0,0.0074,0.0137,0.02765,0.95125
43.0,0.0065,0.01435,0.028,0.95115
44.0,0.0077,0.01515,0.0266,0.95055
45.0,0.00665,0.01555,0.02765,0.95015
46.0,0.0068,0.01555,0.027,0.95065
47.0,0.0058,0.0151,0.02775,0.95135
48.0,0.0079,0.01455,0.02825,0.9493
49.0,0.0077,0.0152,0.0274,0.9497
50.0,0.0072,0.01645,0.02675,0.9496
51.0,0.00675,0.0167,0.0276,0.94895
52.0,0.00765,0.0165,0.0289,0.94695
53.0,0.00695,0.0173,0.02855,0.9472
54.0,0.0076,0.0164,0.0289,0.9471
55.0,0.0069,0.01695,0.029,0.94715
56.0,0.0067,0.01685,0.02885,0.9476
57.0,0.0084,0.01615,0.03005,0.9454
58.0,0.00925,0.01735,0.02995,0.94345
59.0,0.0059,0.0187,0.03115,0.94425
60.0,0.0079,0.01735,0.0319,0.94285
61.0,0.00735,0.0179,0.0323,0.94245
62.0,0.00825,0.0177,0.03175,0.9423
63.0,0.0086,0.01765,0.0313,0.94245
64.0,0.0088,0.0193,0.0312,0.9407
65.0,0.00895,0.01905,0.03295,0.93905
66.0,0.01015,0.01955,0.0329,0.9374
67.0,0.00805,0.02055,0.0335,0.9379
68.0,0.00715,0.01965,0.036,0.9372
69.0,0.00695,0.01895,0.0359,0.9382
70.0,0.00775,0.01785,0.03555,0.93885
71.0,0.0067,0.01755,0.03475,0.941
72.0,0.00835,0.0168,0.03435,0.9405
73.0,0.0083,0.01795,0.03345,0.9403
74.0,0.00805,0.01855,0.03315,0.94025
75.0,0.00895,0.01835,0.03395,0.93875
76.0,0.00855,0.0196,0.03425,0.9376
77.0,0.00815,0.0203,0.0345,0.93705
78.0,0.0096,0.0202,0.034,0.9362
79.0,0.00765,0.0213,0.0339,0.93715
80.0,0.00725,0.0197,0.0356,0.93745
81.0,0.00815,0.01835,0.03665,0.93685
82.0,0.00885,0.0188,0.0368,0.93555
83.0,0.00815,0.01935,0.03765,0.93485
84.0,0.0089,0.01955,0.0372,0.93435
85.0,0.0091,0.02015,0.03755,0.9332
86.0,0.00945,0.021,0.03755,0.932
87.0,0.00885,0.02155,0.03895,0.93065
88.0,0.0084,0.0217,0.03915,0.93075
89.0,0.0077,0.0207,0.0393,0.9323
90.0,0.00875,0.0206,0.0382,0.93245
91.0,0.00905,0.01975,0.0387,0.9325
92.0,0.0082,0.02075,0.0393,0.93175
93.0,0.00865,0.02,0.03975,0.9316
94.0,0.00895,0.0212,0.0382,0.93165
95.0,0.00785,0.02085,0.03815,0.93315
96.0,0.01055,0.01875,0.03945,0.93125
97.0,0.00895,0.0218,0.0385,0.93075
98.0,0.00935,0.02145,0.0384,0.9308
99.0,0.0088,0.0221,0.03895,0.93015
100.0,0.00945,0.0225,0.039,0.92905
101.0,0.0091,0.0223,0.03905,0.92955
102.0,0.01045,0.02145,0.0396,0.9285
103.0,0.0087,0.02235,0.03995,0.929
104.0,0.00955,0.02085,0.0411,0.9285
105.0,0.0087,0.0216,0.0413,0.9284
106.0,0.0103,0.0215,0.04175,0.92645
107.0,0.0085,0.0228,0.04105,0.92765
108.0,0.0101,0.02165,0.0419,0.92635
109.0,0.0098,0.0226,0.04225,0.92535
110.0,0.00845,0.0234,0.0422,0.92595
111.0,0.0078,0.0226,0.0427,0.9269
112.0,0.0087,0.02085,0.0442,0.92625
113.0,0.00885,0.0205,0.0436,0.92705
114.0,0.0091,0.02165,0.04315,0.9261
115.0,0.00945,0.0213,0.0424,0.92685
116.0,0.0108,0.0217,0.0421,0.9254
117.0,0.01045,0.02325,0.04145,0.92485
118.0,0.01,0.0227,0.04315,0.92415
119.0,0.0078,0.02235,0.0433,0.92655
120.0,0.01015,0.02215,0.04255,0.92515
121.0,0.0103,0.0224,0.04265,0.92465
122.0,0.0107,0.02305,0.04165,0.9246
123.0,0.0093,0.02345,0.0421,0.92515
124.0,0.01015,0.0233,0.04215,0.9244
125.0,0.00855,0.02285,0.04265,0.92595
126.0,0.01165,0.0215,0.044,0.92285
127.0,0.01015,0.0231,0.0428,0.92395
128.0,0.0113,0.02305,0.04325,0.9224
129.0,0.01035,0.024,0.0437,0.92195
130.0,0.01085,0.02455,0.0438,0.9208
131.0,0.00925,0.0246,0.0445,0.92165
132.0,0.01105,0.02375,0.0445,0.9207
133.0,0.0094,0.02455,0.04585,0.9202
134.0,0.0085,0.02415,0.0467,0.92065
135.0,0.00825,0.02345,0.04585,0.92245
136.0,0.0108,0.02215,0.04605,0.921
137.0,0.009,0.02345,0.04625,0.9213
138.0,0.01015,0.02205,0.04675,0.92105
139.0,0.0093,0.0227,0.04705,0.92095
140.0,0.0102,0.0214,0.0469,0.9215
141.0,0.00965,0.023,0.0462,0.92115
142.0,0.01,0.0231,0.046,0.9209
143.0,0.0081,0.0234,0.0464,0.9221
144.0,0.0093,0.02185,0.04705,0.9218
145.0,0.01055,0.0223,0.04565,0.9215
146.0,0.01035,0.0228,0.0449,0.92195
147.0,0.0106,0.02305,0.0457,0.92065
148.0,0.01115,0.02385,0.04645,0.91855
149.0,0.00885,0.02535,0.047,0.9188
150.0,0.01105,0.02425,0.0482,0.9165
151.0,0.01055,0.02475,0.04835,0.91635
152.0,0.0089,0.02545,0.04805,0.9176
153.0,0.00985,0.0236,0.0488,0.91775
154.0,0.00985,0.0225,0.04965,0.918
155.0,0.00985,0.02315,0.04965,0.91735
156.0,0.01075,0.0239,0.0474,0.91795
157.0,0.0108,0.0234,0.04735,0.91845
158.0,0.00955,0.0246,0.04775,0.9181
159.0,0.00935,0.02495,0.0475,0.9182
160.0,0.01125,0.0237,0.049,0.91605
161.0,0.01095,0.0244,0.0474,0.91725
162.0,0.0103,0.02465,0.04815,0.9169
163.0,0.01025,0.0246,0.0478,0.91735
164.0,0.01,0.0244,0.0484,0.9172
165.0,0.0101,0.0234,0.0488,0.9177
166.0,0.0095,0.02385,0.04895,0.9177
167.0,0.0081,0.02345,0.04755,0.9209
168.0,0.00965,0.0237,0.04525,0.9214
169.0,0.01015,0.02425,0.045,0.9206
170.0,0.01115,0.0242,0.0441,0.92055
171.0,0.0097,0.0248,0.0455,0.92
172.0,0.01135,0.02445,0.0457,0.9185
173.0,0.0096,0.02465,0.0477,0.91805
174.0,0.0097,0.0248,0.04635,0.91915
175.0,0.0096,0.02495,0.0456,0.91985
176.0,0.0108,0.0238,0.0465,0.9189
177.0,0.0108,0.02485,0.0461,0.91825
178.0,0.00995,0.0252,0.04495,0.9199
179.0,0.0081,0.0252,0.04465,0.92205
180.0,0.00995,0.02225,0.04675,0.92105
181.0,0.01075,0.0222,0.04635,0.9207
182.0,0.01075,0.0235,0.04585,0.9199
183.0,0.01075,0.0248,0.0461,0.91835
184.0,0.01035,0.02615,0.0467,0.9168
185.0,0.0095,0.02435,0.04735,0.9188
186.0,0.01115,0.02425,0.04685,0.91775
187.0,0.01055,0.0258,0.0459,0.91775
188.0,0.0096,0.026,0.0462,0.9182
189.0,0.0101,0.0251,0.0472,0.9176
190.0,0.01115,0.02405,0.04735,0.91745
191.0,0.0095,0.02425,0.04755,0.9187
192.0,0.0115,0.023,0.04795,0.91755
193.0,0.0111,0.0248,0.0467,0.9174
194.0,0.01085,0.0249,0.0478,0.91645
195.0,0.0091,0.02565,0.04755,0.9177
196.0,0.01045,0.0246,0.047,0.91795
197.0,0.01045,0.02455,0.04805,0.91695
198.0,0.01125,0.0249,0.0472,0.91665
199.0,0.0113,0.02525,0.0478,0.91565
200.0,0.01115,0.0258,0.04865,0.9144
201.0,0.011,0.02585,0.0501,0.91305
202.0,0.0113,0.02455,0.0522,0.91195
203.0,0.00975,0.02485,0.05215,0.91325
204.0,0.01015,0.0247,0.052,0.91315
205.0,0.009,0.0242,0.0519,0.9149
206.0,0.0099,0.0229,0.0516,0.9156
207.0,0.00965,0.02295,0.05035,0.91705
208.0,0.01,0.0233,0.04885,0.91785
209.0,0.0094,0.0242,0.04745,0.91895
210.0,0.01235,0.02365,0.0475,0.9165
211.0,0.0117,0.02615,0.04655,0.9156
212.0,0.01175,0.02725,0.04705,0.91395
213.0,0.0115,0.0279,0.0478,0.9128
214.0,0.0108,0.0275,0.0499,0.9118
215.0,0.0095,0.02575,0.05195,0.9128
216.0,0.01135,0.02555,0.05005,0.91305
217.0,0.00995,0.02515,0.05075,0.91415
218.0,0.01025,0.02385,0.0517,0.9142
219.0,0.01055,0.02475,0.0502,0.9145
220.0,0.011,0.02415,0.0499,0.91495
221.0,0.0113,0.0249,0.0501,0.9137
222.0,0.011,0.0252,0.05115,0.91265
223.0,0.00935,0.02575,0.05065,0.91425
224.0,0.01005,0.02515,0.05005,0.91475
225.0,0.0102,0.025,0.04995,0.91485
226.0,0.01145,0.02485,0.0502,0.9135
227.0,0.0111,0.02495,0.05005,0.9139
228.0,0.01125,0.02545,0.0504,0.9129
229.0,0.00995,0.026,0.0497,0.91435
230.0,0.01095,0.02435,0.051,0.9137
231.0,0.01075,0.02545,0.0497,0.9141
232.0,0.01165,0.02525,0.05045,0.91265
233.0,0.01275,0.0255,0.0494,0.91235
234.0,0.0121,0.0266,0.0505,0.9108
235.0,0.011,0.0271,0.0511,0.9108
236.0,0.0107,0.02785,0.05065,0.9108
237.0,0.01075,0.0275,0.05085,0.9109
238.0,0.0098,0.02695,0.05155,0.9117
239.0,0.008,0.02575,0.05195,0.9143
240.0,0.0097,0.0226,0.0526,0.9151
241.0,0.011,0.02265,0.05135,0.915
242.0,0.0118,0.02285,0.05065,0.9147
243.0,0.01155,0.02395,0.0488,0.9157
244.0,0.01135,0.0247,0.0497,0.91425
245.0,0.0118,0.0257,0.0481,0.9144
246.0,0.01265,0.02605,0.0492,0.9121
247.0,0.012,0.02575,0.05025,0.912
248.0,0.01105,0.0275,0.0501,0.91135
249.0,0.0105,0.02595,0.0522,0.91135
250.0,0.01095,0.0263,0.05065,0.9121
251.0,0.00785,0.02695,0.05165,0.91355
252.0,0.01105,0.02435,0.05035,0.91425
253.0,0.0115,0.0256,0.04975,0.91315
254.0,0.011,0.026,0.0493,0.9137
255.0,0.0112,0.0262,0.04945,0.91315
256.0,0.01275,0.02655,0.04995,0.91075
257.0,0.0119,0.0266,0.0518,0.9097
258.0,0.0107,0.02755,0.05175,0.91
259.0,0.0095,0.0273,0.0517,0.9115
260.0,0.0119,0.0258,0.05265,0.90965
261.0,0.01185,0.0269,0.05225,0.909
262.0,0.0116,0.02715,0.05215,0.9091
263.0,0.009,0.02745,0.053,0.91055
264.0,0.01195,0.025,0.05385,0.9092
265.0,0.01135,0.02725,0.0525,0.9089
266.0,0.0113,0.0263,0.0537,0.9087
267.0,0.01095,0.02595,0.0532,0.9099
268.0,0.0108,0.02625,0.05215,0.9108
269.0,0.0096,0.0255,0.05175,0.91315
270.0,0.0097,0.0253,0.0518,0.9132
271.0,0.0113,0.02385,0.05265,0.9122
272.0,0.01095,0.02585,0.0509,0.9123
273.0,0.01065,0.0265,0.05105,0.9118
274.0,0.01045,0.02595,0.053,0.9106
275.0,0.0097,0.02705,0.0528,0.91045
276.0,0.01315,0.02485,0.05325,0.90875
277.0,0.0114,0.02655,0.05245,0.9096
278.0,0.0109,0.02675,0.05175,0.9106
279.0,0.0094,0.02775,0.0524,0.91045
280.0,0.0113,0.02615,0.05295,0.9096
281.0,0.01045,0.02635,0.05305,0.91015
282.0,0.01225,0.0256,0.05295,0.9092
283.0,0.0114,0.02655,0.05155,0.9105
284.0,0.01195,0.0266,0.05205,0.9094
285.0,0.00985,0.026,0.05305,0.9111
286.0,0.0093,0.02465,0.0533,0.91275
287.0,0.00855,0.0239,0.05305,0.9145
288.0,0.0103,0.0236,0.05205,0.91405
289.0,0.0109,0.02345,0.0522,0.91345
290.0,0.0114,0.02385,0.0518,0.91295
291.0,0.01185,0.02535,0.0511,0.9117
292.0,0.0119,0.0265,0.04985,0.91175
293.0,0.01045,0.0269,0.05075,0.9119
294.0,0.0118,0.0255,0.0519,0.9108
295.0,0.01175,0.02505,0.05285,0.91035
296.0,0.0123,0.02665,0.05185,0.9092
297.0,0.01185,0.02725,0.05235,0.90855
298.0,0.0108,0.02865,0.0523,0.90825
299.0,0.00975,0.02755,0.05305,0.90965
300.0,0.0103,0.02605,0.0522,0.91145
301.0,0.01145,0.02565,0.05195,0.91095
302.0,0.01125,0.0262,0.05165,0.9109
303.0,0.01015,0.026,0.05185,0.912
304.0,0.01125,0.02545,0.05175,0.91155
305.0,0.00925,0.025,0.0523,0.91345
306.0,0.01195,0.02475,0.052,0.9113
307.0,0.0112,0.0264,0.05095,0.91145
308.0,0.01255,0.02605,0.0524,0.909
309.0,0.01045,0.02735,0.05245,0.90975
310.0,0.0122,0.02605,0.05375,0.908
311.0,0.0116,0.0262,0.0532,0.909
312.0,0.01275,0.02655,0.0523,0.9084
313.0,0.01185,0.0275,0.05255,0.9081
314.0,0.01155,0.0281,0.05285,0.9075
315.0,0.01115,0.0277,0.05325,0.9079
316.0,0.0107,0.0266,0.0552,0.9075
317.0,0.01045,0.02695,0.0542,0.9084
318.0,0.0104,0.02625,0.0543,0.90905
319.0,0.00945,0.0265,0.0531,0.91095
320.0,0.01075,0.0263,0.0519,0.91105
321.0,0.0115,0.0262,0.0512,0.9111
322.0,0.0126,0.0265,0.05085,0.91005
323.0,0.0091,0.02805,0.0498,0.91305
324.0,0.01095,0.02545,0.05155,0.91205
325.0,0.01225,0.02535,0.0508,0.9116
326.0,0.01145,0.027,0.05135,0.9102
327.0,0.0114,0.0261,0.05255,0.90995
328.0,0.01225,0.02605,0.0525,0.9092
329.0,0.01245,0.02615,0.0529,0.9085
330.0,0.01255,0.02725,0.05215,0.90805
331.0,0.0123,0.02865,0.0517,0.90735
332.0,0.0131,0.02875,0.05175,0.9064
333.0,0.00975,0.0306,0.05195,0.9077
334.0,0.01005,0.0278,0.0531,0.90905
335.0,0.00945,0.0268,0.05425,0.9095
336.0,0.0099,0.02585,0.0544,0.90985
337.0,0.0096,0.0263,0.05305,0.91105
338.0,0.01025,0.0246,0.05305,0.9121
339.0,0.01025,0.0248,0.05235,0.9126
340.0,0.0095,0.02585,0.05105,0.9136
341.0,0.00955,0.02495,0.0509,0.9146
342.0,0.01115,0.02445,0.0502,0.9142
343.0,0.0105,0.02605,0.0493,0.91415
344.0,0.01245,0.02545,0.0487,0.9134
345.0,0.0138,0.0257,0.04975,0.91075
346.0,0.0145,0.02825,0.04875,0.9085
347.0,0.0112,0.0303,0.0495,0.909
348.0,0.0104,0.02935,0.0521,0.90815
349.0,0.01015,0.028,0.05295,0.9089
350.0,0.0096,0.0271,0.0529,0.9104
351.0,0.01,0.0263,0.05245,0.91125
352.0,0.01215,0.02455,0.0532,0.9101
353.0,0.012,0.02555,0.0519,0.91055
354.0,0.01295,0.02545,0.05275,0.90885
355.0,0.01305,0.0256,0.05325,0.9081
356.0,0.012,0.02645,0.0533,0.90825
357.0,0.0107,0.02705,0.0539,0.90835
358.0,0.0104,0.027,0.0536,0.909
359.0,0.00955,0.02735,0.0523,0.9108
360.0,0.01005,0.0264,0.05245,0.9111
361.0,0.0104,0.0245,0.05295,0.91215
362.0,0.01155,0.0244,0.0524,0.91165
363.0,0.01195,0.0251,0.05125,0.9117
364.0,0.01215,0.0267,0.04975,0.9114
365.0,0.0117,0.02745,0.0504,0.91045
366.0,0.01215,0.02785,0.0501,0.9099
367.0,0.0122,0.0277,0.0508,0.9093
368.0,0.0105,0.02925,0.0502,0.91005
369.0,0.01095,0.0288,0.0506,0.90965
370.0,0.01175,0.0276,0.0523,0.90835
371.0,0.0105,0.02765,0.0524,0.90945
372.0,0.01315,0.02625,0.05245,0.90815
373.0,0.0133,0.02715,0.0527,0.90685
374.0,0.01155,0.028,0.053,0.90745
375.0,0.01095,0.02815,0.0535,0.9074
376.0,0.0107,0.02785,0.0537,0.90775
377.0,0.0091,0.02655,0.0541,0.91025
378.0,0.01115,0.0244,0.05515,0.9093
379.0,0.01185,0.0242,0.05395,0.91
380.0,0.0114,0.0248,0.0536,0.9102
381.0,0.01155,0.0257,0.05235,0.9104
382.0,0.0119,0.0274,0.0498,0.9109
383.0,0.0121,0.02695,0.051,0.90995
384.0,0.0117,0.02675,0.0532,0.90835
385.0,0.01325,0.0271,0.0544,0.90525
386.0,0.01075,0.0283,0.054,0.90695
387.0,0.01125,0.02935,0.0538,0.9056
388.0,0.01225,0.02895,0.05435,0.90445
389.0,0.01005,0.0284,0.05615,0.9054
390.0,0.01145,0.02695,0.05535,0.90625
391.0,0.01005,0.02675,0.05555,0.90765
392.0,0.0108,0.0257,0.0555,0.908
393.0,0.0117,0.02605,0.0542,0.90805
394.0,0.0113,0.02725,0.05305,0.9084
395.0,0.01025,0.02745,0.05425,0.90805
396.0,0.01095,0.02715,0.05465,0.90725
397.0,0.0119,0.0248,0.0556,0.9077
398.0,0.01235,0.0252,0.05535,0.9071
399.0,0.01105,0.0269,0.05455,0.9075
400.0,0.01255,0.02565,0.0556,0.9062
401.0,0.0119,0.02605,0.05515,0.9069
402.0,0.01145,0.027,0.05505,0.9065
403.0,0.01035,0.02625,0.05565,0.90775
404.0,0.00945,0.02595,0.05575,0.90885
405.0,0.0106,0.02515,0.0558,0.90845
406.0,0.0111,0.02525,0.05495,0.9087
407.0,0.01035,0.02475,0.05525,0.90965
408.0,0.0129,0.0244,0.0545,0.9082
409.0,0.0127,0.02625,0.0539,0.90715
410.0,0.01355,0.02765,0.0518,0.907
411.0,0.0108,0.0299,0.05365,0.90565
412.0,0.01195,0.0285,0.05305,0.9065
413.0,0.01075,0.02785,0.05385,0.90755
414.0,0.0108,0.0266,0.0562,0.9064
415.0,0.0094,0.0271,0.055,0.9085
416.0,0.00985,0.0263,0.05425,0.9096
417.0,0.01085,0.0263,0.0543,0.90855
418.0,0.01125,0.0264,0.05375,0.9086
419.0,0.01005,0.0261,0.0526,0.91125
420.0,0.01195,0.02575,0.05195,0.91035
421.0,0.0116,0.0262,0.05265,0.90955
422.0,0.01235,0.0267,0.0522,0.90875
423.0,0.012,0.0273,0.0529,0.9078
424.0,0.0122,0.02885,0.0517,0.90725
425.0,0.01155,0.02865,0.05285,0.90695
426.0,0.0125,0.02785,0.0535,0.90615
427.0,0.01155,0.02785,0.05455,0.90605
428.0,0.01165,0.0284,0.05485,0.9051
429.0,0.01,0.02815,0.0553,0.90655
430.0,0.0107,0.02725,0.05505,0.907
431.0,0.01075,0.0255,0.05715,0.9066
432.0,0.01125,0.0271,0.0558,0.90585
433.0,0.01005,0.02695,0.05525,0.90775
434.0,0.0105,0.0267,0.055,0.9078
435.0,0.01175,0.02645,0.05445,0.90735
436.0,0.01125,0.02725,0.0538,0.9077
437.0,0.0113,0.02655,0.05395,0.9082
438.0,0.01085,0.02635,0.05345,0.90935
439.0,0.00915,0.0261,0.05285,0.9119
440.0,0.01075,0.0253,0.05295,0.911
441.0,0.01065,0.0255,0.052,0.91185
442.0,0.012,0.02485,0.0538,0.90935
443.0,0.01195,0.0253,0.053,0.90975
444.0,0.0122,0.0259,0.05255,0.90935
445.0,0.0122,0.0279,0.0515,0.9084
446.0,0.01185,0.02855,0.05275,0.90685
447.0,0.01205,0.0273,0.0545,0.90615
448.0,0.01245,0.0273,0.05415,0.9061
449.0,0.0107,0.0276,0.05515,0.90655
450.0,0.01175,0.02635,0.05505,0.90685
451.0,0.01255,0.02645,0.0541,0.9069
452.0,0.0113,0.02795,0.05275,0.908
453.0,0.01125,0.0277,0.0534,0.90765
454.0,0.0112,0.0275,0.05345,0.90785
455.0,0.00925,0.02745,0.05335,0.90995
456.0,0.0115,0.025,0.0551,0.9084
457.0,0.0107,0.02645,0.0544,0.90845
458.0,0.011,0.02685,0.0539,0.90825
459.0,0.0108,0.0274,0.05325,0.90855
460.0,0.01025,0.0276,0.0531,0.90905
461.0,0.0108,0.0259,0.053,0.9103
462.0,0.01105,0.02505,0.05235,0.91155
463.0,0.0098,0.02595,0.05175,0.9125
464.0,0.01065,0.02495,0.0519,0.9125
465.0,0.0133,0.0243,0.0506,0.9118
466.0,0.01275,0.0273,0.0494,0.91055
467.0,0.0119,0.0283,0.04975,0.91005
468.0,0.01215,0.0271,0.0521,0.90865
469.0,0.0122,0.0278,0.05245,0.90755
470.0,0.0128,0.0277,0.05215,0.90735
471.0,0.01235,0.02865,0.0529,0.9061
472.0,0.01245,0.0275,0.05485,0.9052
473.0,0.01175,0.0279,0.05515,0.9052
474.0,0.00985,0.028,0.05515,0.907
475.0,0.0107,0.02755,0.0541,0.90765
476.0,0.0097,0.02745,0.05305,0.9098
477.0,0.0098,0.02745,0.05115,0.9116
478.0,0.00835,0.02795,0.0502,0.9135
479.0,0.00975,0.02535,0.05115,0.91375
480.0,0.0106,0.02335,0.05255,0.9135
481.0,0.0123,0.0233,0.0517,0.9127
482.0,0.01125,0.02415,0.05245,0.91215
483.0,0.0107,0.02405,0.0521,0.91315
484.0,0.0114,0.02465,0.0518,0.91215
485.0,0.0115,0.0262,0.051,0.9113
486.0,0.01315,0.02565,0.05095,0.91025
487.0,0.0125,0.02815,0.05155,0.9078
488.0,0.01185,0.02945,0.052,0.9067
489.0,0.01185,0.02825,0.0541,0.9058
490.0,0.01095,0.02825,0.0548,0.906
491.0,0.01145,0.02715,0.0554,0.906
492.0,0.0128,0.0258,0.0556,0.9058
493.0,0.01075,0.0279,0.05455,0.9068
494.0,0.0099,0.0262,0.05555,0.90835
495.0,0.01095,0.0252,0.05515,0.9087
496.0,0.01165,0.02525,0.05465,0.90845
497.0,0.0118,0.026,0.0537,0.9085
498.0,0.01155,0.0265,0.0532,0.90875
499.0,0.0123,0.0264,0.05355,0.90775
500.0,0.01215,0.02625,0.05385,0.90775
501.0,0.0121,0.02695,0.0531,0.90785
502.0,0.011,0.02845,0.05245,0.9081
503.0,0.00905,0.0277,0.05255,0.9107
504.0,0.01075,0.02615,0.0527,0.9104
505.0,0.0092,0.0264,0.05265,0.91175
506.0,0.01245,0.0252,0.0526,0.90975
507.0,0.01245,0.02635,0.0524,0.9088
508.0,0.01215,0.0282,0.05135,0.9083
509.0,0.0112,0.0286,0.05195,0.90825
510.0,0.0126,0.0277,0.0532,0.9065
511.0,0.01135,0.02815,0.05445,0.90605
512.0,0.0131,0.02745,0.054,0.90545
513.0,0.01285,0.02805,0.0545,0.9046
514.0,0.01235,0.02915,0.0546,0.9039
515.0,0.0109,0.0304,0.05405,0.90465
516.0,0.012,0.02895,0.0546,0.90445
517.0,0.0117,0.0281,0.05665,0.90355
518.0,0.0109,0.02805,0.05665,0.9044
519.0,0.00985,0.02805,0.05745,0.90465
520.0,0.01105,0.02785,0.05575,0.90535
521.0,0.0103,0.02705,0.0558,0.90685
522.0,0.011,0.026,0.0556,0.9074
523.0,0.0107,0.02675,0.0538,0.90875
524.0,0.01095,0.02755,0.053,0.9085
525.0,0.00955,0.02675,0.0539,0.9098
526.0,0.01065,0.0253,0.05375,0.9103
527.0,0.0085,0.02645,0.05355,0.9115
528.0,0.01165,0.0252,0.0527,0.91045
529.0,0.0107,0.0263,0.0531,0.9099
530.0,0.0105,0.0261,0.05405,0.90935
531.0,0.0113,0.024,0.0562,0.9085
532.0,0.0135,0.0241,0.0548,0.9076
533.0,0.01335,0.02605,0.0535,0.9071
534.0,0.01245,0.02865,0.05345,0.90545
535.0,0.01185,0.03,0.053,0.90515
536.0,0.0114,0.02915,0.05455,0.9049
537.0,0.0111,0.02855,0.0549,0.90545
538.0,0.0121,0.02715,0.0556,0.90515
539.0,0.0092,0.0289,0.054,0.9079
540.0,0.01155,0.0266,0.05495,0.9069
541.0,0.0108,0.02745,0.0547,0.90705
542.0,0.0121,0.0264,0.05585,0.90565
543.0,0.00985,0.0274,0.05565,0.9071
544.0,0.0119,0.0266,0.0556,0.9059
545.0,0.01125,0.02755,0.0547,0.9065
546.0,0.01225,0.02705,0.05645,0.90425
547.0,0.01095,0.02765,0.05485,0.90655
548.0,0.01075,0.0274,0.05425,0.9076
549.0,0.01065,0.0264,0.05565,0.9073
550.0,0.01055,0.026,0.0556,0.90785
551.0,0.01005,0.02545,0.0545,0.91
552.0,0.01255,0.02515,0.0538,0.9085
553.0,0.01255,0.02665,0.05285,0.90795
554.0,0.01175,0.02815,0.0524,0.9077
555.0,0.01155,0.0286,0.05325,0.9066
556.0,0.01185,0.0286,0.05355,0.906
557.0,0.0112,0.0292,0.0534,0.9062
558.0,0.0118,0.02825,0.05495,0.905
559.0,0.0107,0.02845,0.05545,0.9054
560.0,0.01035,0.0273,0.05715,0.9052
561.0,0.01095,0.02635,0.0566,0.9061
562.0,0.01015,0.02655,0.0557,0.9076
563.0,0.01135,0.0253,0.05585,0.9075
564.0,0.0135,0.026,0.0546,0.9059
565.0,0.01315,0.0281,0.05345,0.9053
566.0,0.01205,0.0285,0.05385,0.9056
567.0,0.01085,0.02865,0.05395,0.90655
568.0,0.0098,0.02835,0.0545,0.90735
569.0,0.0097,0.0264,0.05485,0.90905
570.0,0.01125,0.0255,0.055,0.90825
571.0,0.00995,0.02565,0.0554,0.909
572.0,0.0115,0.02425,0.05625,0.908
573.0,0.0104,0.02485,0.05615,0.9086
574.0,0.0107,0.02525,0.0548,0.90925
575.0,0.01115,0.0253,0.05375,0.9098
576.0,0.0127,0.02695,0.0508,0.90955
577.0,0.0115,0.02795,0.0514,0.90915
578.0,0.0121,0.02645,0.0533,0.90815
579.0,0.0094,0.0283,0.0528,0.9095
580.0,0.012,0.0265,0.055,0.9065
581.0,0.01005,0.0274,0.05405,0.9085
582.0,0.012,0.02625,0.0554,0.90635
583.0,0.01265,0.0272,0.0544,0.90575
584.0,0.0123,0.02725,0.0546,0.90585
585.0,0.01195,0.0277,0.0544,0.90595
586.0,0.0123,0.0283,0.05495,0.90445
587.0,0.0107,0.0287,0.05455,0.90605
588.0,0.01215,0.0277,0.05435,0.9058
589.0,0.01235,0.02855,0.054,0.9051
590.0,0.0129,0.02915,0.05415,0.9038
591.0,0.01265,0.0287,0.05525,0.9034
592.0,0.01085,0.029,0.05635,0.9038
593.0,0.00995,0.028,0.0556,0.90645
594.0,0.01145,0.0267,0.0547,0.90715
595.0,0.01065,0.0283,0.0535,0.90755
596.0,0.01135,0.0273,0.0554,0.90595
597.0,0.01285,0.02645,0.0565,0.9042
598.0,0.0119,0.0279,0.05535,0.90485
599.0,0.00995,0.0278,0.0557,0.90655
600.0,0.0118,0.0262,0.05565,0.90635
601.0,0.0111,0.0267,0.0552,0.907
602.0,0.0121,0.02535,0.0575,0.90505
603.0,0.0129,0.0267,0.0564,0.904
604.0,0.01215,0.0282,0.0548,0.90485
605.0,0.0115,0.02765,0.05575,0.9051
606.0,0.0117,0.0278,0.0559,0.9046
607.0,0.01195,0.02755,0.05675,0.90375
608.0,0.01065,0.02835,0.05695,0.90405
609.0,0.00995,0.02645,0.0569,0.9067
610.0,0.01065,0.0251,0.0565,0.90775
611.0,0.0094,0.0254,0.05555,0.90965
612.0,0.01175,0.0253,0.0531,0.90985
613.0,0.00985,0.026,0.0522,0.91195
614.0,0.0111,0.02535,0.0507,0.91285
615.0,0.0116,0.0258,0.04995,0.91265
616.0,0.0114,0.02655,0.0494,0.91265
617.0,0.011,0.0266,0.05025,0.91215
618.0,0.0128,0.02625,0.0508,0.91015
619.0,0.0106,0.0281,0.0508,0.9105
620.0,0.01045,0.02625,0.05295,0.91035
621.0,0.0128,0.02525,0.0533,0.90865
622.0,0.01155,0.02685,0.05285,0.90875
623.0,0.00985,0.02675,0.0524,0.911
624.0,0.0104,0.0267,0.0517,0.9112
625.0,0.0125,0.0255,0.05285,0.90915
626.0,0.01175,0.0259,0.0532,0.90915
627.0,0.01185,0.0266,0.0535,0.90805
628.0,0.0097,0.0279,0.05375,0.90865
629.0,0.00755,0.0273,0.0527,0.91245
630.0,0.01135,0.02405,0.05165,0.91295
631.0,0.01205,0.0247,0.0508,0.91245
632.0,0.01255,0.02595,0.05065,0.91085
633.0,0.01345,0.02755,0.05005,0.90895
634.0,0.0128,0.02975,0.04855,0.9089
635.0,0.0118,0.02965,0.0513,0.90725
636.0,0.0131,0.02905,0.05275,0.9051
637.0,0.0114,0.0288,0.05445,0.90535
638.0,0.00945,0.0281,0.05615,0.9063
639.0,0.0104,0.02675,0.0555,0.90735
640.0,0.01075,0.0271,0.0546,0.90755
641.0,0.01055,0.0271,0.0542,0.90815
642.0,0.01295,0.02665,0.05295,0.90745
643.0,0.0108,0.02895,0.05375,0.9065
644.0,0.01255,0.0286,0.0533,0.90555
645.0,0.0113,0.0299,0.0532,0.9056
646.0,0.01095,0.0289,0.05525,0.9049
647.0,0.00875,0.02765,0.05575,0.90785
648.0,0.00975,0.0261,0.05505,0.9091
649.0,0.0098,0.0246,0.05515,0.91045
650.0,0.0118,0.02355,0.05445,0.9102
651.0,0.0116,0.02515,0.05305,0.9102
652.0,0.01235,0.02485,0.0534,0.9094
653.0,0.0134,0.02575,0.05335,0.9075
654.0,0.01185,0.02845,0.05365,0.90605
655.0,0.01175,0.0278,0.05415,0.9063
656.0,0.01165,0.02795,0.05435,0.90605
657.0,0.01245,0.02865,0.0538,0.9051
658.0,0.0108,0.02795,0.0556,0.90565
659.0,0.0106,0.027,0.057,0.9054
660.0,0.013,0.0268,0.05575,0.90445
661.0,0.01255,0.0278,0.05615,0.9035
662.0,0.0124,0.02845,0.05635,0.9028
663.0,0.01115,0.02875,0.0564,0.9037
664.0,0.0109,0.02875,0.058,0.90235
665.0,0.01,0.0292,0.05765,0.90315
666.0,0.0104,0.02735,0.0581,0.90415
667.0,0.0123,0.02715,0.05755,0.903
668.0,0.01135,0.02795,0.0563,0.9044
669.0,0.0104,0.02845,0.0552,0.90595
670.0,0.00985,0.02725,0.056,0.9069
671.0,0.0088,0.02675,0.05535,0.9091
672.0,0.0107,0.0244,0.05625,0.90865
673.0,0.0114,0.0245,0.0556,0.9085
674.0,0.01275,0.02455,0.05445,0.90825
675.0,0.01175,0.02595,0.054,0.9083
676.0,0.0117,0.02775,0.05155,0.909
677.0,0.01175,0.02755,0.05195,0.90875
678.0,0.01225,0.0276,0.0531,0.90705
679.0,0.0119,0.0279,0.053,0.9072
680.0,0.01215,0.0286,0.05265,0.9066
681.0,0.0117,0.0286,0.05365,0.90605
682.0,0.01115,0.0294,0.0535,0.90595
683.0,0.00965,0.0291,0.0538,0.90745
684.0,0.01105,0.0273,0.0544,0.90725
685.0,0.0117,0.02645,0.0545,0.90735
686.0,0.0106,0.0271,0.05415,0.90815
687.0,0.01195,0.0267,0.05285,0.9085
688.0,0.0116,0.02815,0.05145,0.9088
689.0,0.0107,0.02805,0.05265,0.9086
690.0,0.0114,0.0283,0.0532,0.9071
691.0,0.013,0.0281,0.0542,0.9047
692.0,0.0127,0.0294,0.05415,0.90375
693.0,0.0115,0.0291,0.0553,0.9041
694.0,0.0121,0.0281,0.05475,0.90505
695.0,0.0109,0.02815,0.0562,0.90475
696.0,0.01125,0.0277,0.0567,0.90435
697.0,0.0112,0.02745,0.0558,0.90555
698.0,0.0112,0.02695,0.0553,0.90655
699.0,0.0112,0.0265,0.0562,0.9061
700.0,0.0108,0.0259,0.0567,0.9066
701.0,0.0099,0.02525,0.0576,0.90725
702.0,0.0109,0.0244,0.0571,0.9076
703.0,0.0104,0.0247,0.05595,0.90895
704.0,0.0111,0.02365,0.0555,0.90975
705.0,0.0123,0.02495,0.05395,0.9088
706.0,0.0121,0.0259,0.05345,0.90855
707.0,0.0118,0.0276,0.05365,0.90695
708.0,0.01365,0.02715,0.05445,0.90475
709.0,0.01445,0.02855,0.05445,0.90255
710.0,0.01285,0.03035,0.0528,0.904
711.0,0.01165,0.0308,0.0539,0.90365
712.0,0.01175,0.03015,0.05465,0.90345
713.0,0.0113,0.02895,0.05585,0.9039
714.0,0.00995,0.0286,0.055,0.90645
715.0,0.0102,0.0276,0.0564,0.9058
716.0,0.01025,0.0271,0.0555,0.90715
717.0,0.01,0.0267,0.0545,0.9088
718.0,0.01105,0.0254,0.0546,0.90895
719.0,0.0095,0.02595,0.0534,0.91115
720.0,0.01035,0.0246,0.0538,0.91125
721.0,0.0108,0.02515,0.05345,0.9106
722.0,0.01155,0.0241,0.0539,0.91045
723.0,0.0108,0.02555,0.0529,0.91075
724.0,0.0108,0.02515,0.0521,0.91195
725.0,0.0108,0.0256,0.0509,0.9127
726.0,0.01105,0.02575,0.05105,0.91215
727.0,0.0106,0.027,0.04995,0.91245
728.0,0.0117,0.02745,0.0501,0.91075
729.0,0.01145,0.0271,0.0505,0.91095
730.0,0.0122,0.02695,0.0501,0.91075
